{"schema":{"fields":[{"name":"index","type":"string"},{"name":"AESANDES.SN","type":"number"},{"name":"AGUAS-A.SN","type":"number"},{"name":"ANDINA-B.SN","type":"number"},{"name":"BCI.SN","type":"number"},{"name":"BSANTANDER.SN","type":"number"},{"name":"CAP.SN","type":"number"},{"name":"CCU.SN","type":"number"},{"name":"CENCOSHOPP.SN","type":"number"},{"name":"CENCOSUD.SN","type":"number"},{"name":"CFMITNIPSA.SN","type":"number"},{"name":"CHILE.SN","type":"number"},{"name":"CMPC.SN","type":"number"},{"name":"COLBUN.SN","type":"number"},{"name":"CONCHATORO.SN","type":"number"},{"name":"COPEC.SN","type":"number"},{"name":"ECL.SN","type":"number"},{"name":"ENELAM.SN","type":"number"},{"name":"ENELCHILE.SN","type":"number"},{"name":"ENTEL.SN","type":"number"},{"name":"FALABELLA.SN","type":"number"},{"name":"IAM.SN","type":"number"},{"name":"ITAUCORP.SN","type":"number"},{"name":"LTM.SN","type":"number"},{"name":"MALLPLAZA.SN","type":"number"},{"name":"PARAUCO.SN","type":"number"},{"name":"RIPLEY.SN","type":"number"},{"name":"SECURITY.SN","type":"number"},{"name":"SMU.SN","type":"number"},{"name":"SONDA.SN","type":"number"},{"name":"SQM-B.SN","type":"number"},{"name":"VAPORES.SN","type":"number"},{"name":"Promedio","type":"number"}],"primaryKey":["index"],"pandas_version":"0.20.0"},"data":[{"index":"AESANDES.SN","AESANDES.SN":1.0,"AGUAS-A.SN":0.3653862017,"ANDINA-B.SN":0.1359413458,"BCI.SN":0.1208530518,"BSANTANDER.SN":0.4345312918,"CAP.SN":0.6327620785,"CCU.SN":-0.2731714106,"CENCOSHOPP.SN":0.3039968995,"CENCOSUD.SN":0.7996771451,"CFMITNIPSA.SN":0.4290153383,"CHILE.SN":0.560388436,"CMPC.SN":-0.1040470507,"COLBUN.SN":-0.2175068128,"CONCHATORO.SN":0.1842291962,"COPEC.SN":0.172758227,"ECL.SN":-0.1147398558,"ENELAM.SN":-0.4166557349,"ENELCHILE.SN":-0.6835436984,"ENTEL.SN":0.5052057579,"FALABELLA.SN":-0.2163729473,"IAM.SN":0.1652221502,"ITAUCORP.SN":-0.1329839338,"LTM.SN":-0.8761376278,"MALLPLAZA.SN":-0.0437330136,"PARAUCO.SN":0.0681346758,"RIPLEY.SN":0.42556952,"SECURITY.SN":0.1280094625,"SMU.SN":0.4126655675,"SONDA.SN":0.3633472057,"SQM-B.SN":0.3319327748,"VAPORES.SN":0.6534754555,"Promedio":0.3591056723},{"index":"AGUAS-A.SN","AESANDES.SN":0.3653862017,"AGUAS-A.SN":1.0,"ANDINA-B.SN":0.4943024914,"BCI.SN":0.4119960801,"BSANTANDER.SN":-0.013551209,"CAP.SN":0.0524176342,"CCU.SN":-0.3818218232,"CENCOSHOPP.SN":0.762296307,"CENCOSUD.SN":0.3727341162,"CFMITNIPSA.SN":0.6307484899,"CHILE.SN":0.4329822771,"CMPC.SN":0.6193866879,"COLBUN.SN":0.1800095373,"CONCHATORO.SN":-0.0689644297,"COPEC.SN":0.7102785656,"ECL.SN":0.2443150295,"ENELAM.SN":0.2172783097,"ENELCHILE.SN":0.0282410604,"ENTEL.SN":0.3252026984,"FALABELLA.SN":-0.198026346,"IAM.SN":0.8344081342,"ITAUCORP.SN":0.3653795369,"LTM.SN":-0.5150890862,"MALLPLAZA.SN":0.3118053654,"PARAUCO.SN":0.5654025867,"RIPLEY.SN":0.5969592543,"SECURITY.SN":0.5471217268,"SMU.SN":0.6930972816,"SONDA.SN":0.5731738948,"SQM-B.SN":0.4770496008,"VAPORES.SN":0.2592507615,"Promedio":0.5037037065},{"index":"ANDINA-B.SN","AESANDES.SN":0.1359413458,"AGUAS-A.SN":0.4943024914,"ANDINA-B.SN":1.0,"BCI.SN":0.2783281174,"BSANTANDER.SN":-0.1357319034,"CAP.SN":-0.0599517585,"CCU.SN":-0.0256869753,"CENCOSHOPP.SN":0.6532760785,"CENCOSUD.SN":0.177041969,"CFMITNIPSA.SN":0.3333947856,"CHILE.SN":0.0490065875,"CMPC.SN":0.5250516743,"COLBUN.SN":0.2558634647,"CONCHATORO.SN":0.0207389024,"COPEC.SN":0.5072136429,"ECL.SN":0.3272124029,"ENELAM.SN":0.2182807028,"ENELCHILE.SN":0.2005967129,"ENTEL.SN":-0.0272562168,"FALABELLA.SN":0.0885529893,"IAM.SN":0.5051612827,"ITAUCORP.SN":0.2229992795,"LTM.SN":-0.2098563634,"MALLPLAZA.SN":0.4573242752,"PARAUCO.SN":0.6487817819,"RIPLEY.SN":0.4643932273,"SECURITY.SN":0.3620138331,"SMU.SN":0.3702832084,"SONDA.SN":0.3041140185,"SQM-B.SN":0.1675772307,"VAPORES.SN":-0.0922351039,"Promedio":0.2030799093},{"index":"BCI.SN","AESANDES.SN":0.1208530518,"AGUAS-A.SN":0.4119960801,"ANDINA-B.SN":0.2783281174,"BCI.SN":1.0,"BSANTANDER.SN":0.449398765,"CAP.SN":0.3312611713,"CCU.SN":-0.2194802606,"CENCOSHOPP.SN":0.3508136345,"CENCOSUD.SN":0.3140801015,"CFMITNIPSA.SN":0.6711129401,"CHILE.SN":0.5088914109,"CMPC.SN":0.3237570272,"COLBUN.SN":0.2408758086,"CONCHATORO.SN":-0.0185283669,"COPEC.SN":0.4281241241,"ECL.SN":0.019929867,"ENELAM.SN":0.0095765643,"ENELCHILE.SN":-0.0902218756,"ENTEL.SN":0.4497733404,"FALABELLA.SN":0.0034800951,"IAM.SN":0.3396113249,"ITAUCORP.SN":0.5925290694,"LTM.SN":-0.0934732637,"MALLPLAZA.SN":0.2862264048,"PARAUCO.SN":0.4148386854,"RIPLEY.SN":0.6810795575,"SECURITY.SN":0.587559491,"SMU.SN":0.515850642,"SONDA.SN":0.5708485232,"SQM-B.SN":0.4204514272,"VAPORES.SN":0.3158178344,"Promedio":0.5137417837},{"index":"BSANTANDER.SN","AESANDES.SN":0.4345312918,"AGUAS-A.SN":-0.013551209,"ANDINA-B.SN":-0.1357319034,"BCI.SN":0.449398765,"BSANTANDER.SN":1.0,"CAP.SN":0.8442799645,"CCU.SN":-0.3011074544,"CENCOSHOPP.SN":-0.0696344894,"CENCOSUD.SN":0.6633390521,"CFMITNIPSA.SN":0.5174852532,"CHILE.SN":0.6254339453,"CMPC.SN":-0.2170031035,"COLBUN.SN":-0.0648496612,"CONCHATORO.SN":0.1263328393,"COPEC.SN":-0.0367127751,"ECL.SN":-0.3344437731,"ENELAM.SN":-0.321242425,"ENELCHILE.SN":-0.5585520096,"ENTEL.SN":0.5606743541,"FALABELLA.SN":0.0121565242,"IAM.SN":-0.1383406861,"ITAUCORP.SN":0.1597503217,"LTM.SN":-0.2559625533,"MALLPLAZA.SN":-0.0648403635,"PARAUCO.SN":-0.0956171814,"RIPLEY.SN":0.2495786689,"SECURITY.SN":0.050177138,"SMU.SN":0.1201690922,"SONDA.SN":0.5380181897,"SQM-B.SN":0.258117088,"VAPORES.SN":0.5661988582,"Promedio":0.3316761873},{"index":"CAP.SN","AESANDES.SN":0.6327620785,"AGUAS-A.SN":0.0524176342,"ANDINA-B.SN":-0.0599517585,"BCI.SN":0.3312611713,"BSANTANDER.SN":0.8442799645,"CAP.SN":1.0,"CCU.SN":-0.4561473992,"CENCOSHOPP.SN":0.0424259852,"CENCOSUD.SN":0.7391262136,"CFMITNIPSA.SN":0.5725221571,"CHILE.SN":0.7006837892,"CMPC.SN":-0.1599978508,"COLBUN.SN":-0.1730766164,"CONCHATORO.SN":0.0942769981,"COPEC.SN":0.0837290562,"ECL.SN":-0.4946908649,"ENELAM.SN":-0.5428476557,"ENELCHILE.SN":-0.7705791826,"ENTEL.SN":0.6155391318,"FALABELLA.SN":-0.2882845645,"IAM.SN":-0.1728679259,"ITAUCORP.SN":0.1677340736,"LTM.SN":-0.5191671638,"MALLPLAZA.SN":-0.2451848392,"PARAUCO.SN":-0.1825578646,"RIPLEY.SN":0.308695894,"SECURITY.SN":0.1334823312,"SMU.SN":0.2595224333,"SONDA.SN":0.4671897623,"SQM-B.SN":0.4322922735,"VAPORES.SN":0.7588754263,"Promedio":0.4879598378},{"index":"CCU.SN","AESANDES.SN":-0.2731714106,"AGUAS-A.SN":-0.3818218232,"ANDINA-B.SN":-0.0256869753,"BCI.SN":-0.2194802606,"BSANTANDER.SN":-0.3011074544,"CAP.SN":-0.4561473992,"CCU.SN":1.0,"CENCOSHOPP.SN":-0.5019816147,"CENCOSUD.SN":-0.2632163441,"CFMITNIPSA.SN":-0.7200025236,"CHILE.SN":-0.7394484164,"CMPC.SN":-0.3919492589,"COLBUN.SN":-0.2208018998,"CONCHATORO.SN":0.4497459634,"COPEC.SN":-0.5991331024,"ECL.SN":0.5826114328,"ENELAM.SN":0.251116821,"ENELCHILE.SN":0.430909923,"ENTEL.SN":-0.4848971825,"FALABELLA.SN":0.7601618113,"IAM.SN":-0.056635419,"ITAUCORP.SN":-0.5004801261,"LTM.SN":0.404630938,"MALLPLAZA.SN":0.3147343535,"PARAUCO.SN":0.0837215091,"RIPLEY.SN":-0.3452316675,"SECURITY.SN":-0.633137767,"SMU.SN":-0.6059129473,"SONDA.SN":-0.589159004,"SQM-B.SN":-0.8163770049,"VAPORES.SN":-0.6115281788,"Promedio":-0.7976815084},{"index":"CENCOSHOPP.SN","AESANDES.SN":0.3039968995,"AGUAS-A.SN":0.762296307,"ANDINA-B.SN":0.6532760785,"BCI.SN":0.3508136345,"BSANTANDER.SN":-0.0696344894,"CAP.SN":0.0424259852,"CCU.SN":-0.5019816147,"CENCOSHOPP.SN":1.0,"CENCOSUD.SN":0.2756594971,"CFMITNIPSA.SN":0.6613175357,"CHILE.SN":0.4134776377,"CMPC.SN":0.6324074168,"COLBUN.SN":0.3777614161,"CONCHATORO.SN":-0.2653831389,"COPEC.SN":0.779282291,"ECL.SN":0.1296296687,"ENELAM.SN":0.194566125,"ENELCHILE.SN":0.0567089119,"ENTEL.SN":0.2462710163,"FALABELLA.SN":-0.2941259497,"IAM.SN":0.625526554,"ITAUCORP.SN":0.4658643822,"LTM.SN":-0.4511795522,"MALLPLAZA.SN":0.4278917855,"PARAUCO.SN":0.7030792066,"RIPLEY.SN":0.6612510255,"SECURITY.SN":0.6898971375,"SMU.SN":0.7322594435,"SONDA.SN":0.621241959,"SQM-B.SN":0.5563352535,"VAPORES.SN":0.2691019821,"Promedio":0.571464276},{"index":"CENCOSUD.SN","AESANDES.SN":0.7996771451,"AGUAS-A.SN":0.3727341162,"ANDINA-B.SN":0.177041969,"BCI.SN":0.3140801015,"BSANTANDER.SN":0.6633390521,"CAP.SN":0.7391262136,"CCU.SN":-0.2632163441,"CENCOSHOPP.SN":0.2756594971,"CENCOSUD.SN":1.0,"CFMITNIPSA.SN":0.4996460022,"CHILE.SN":0.5667126062,"CMPC.SN":-0.1328159633,"COLBUN.SN":-0.195348897,"CONCHATORO.SN":0.0726811442,"COPEC.SN":0.132711562,"ECL.SN":-0.0077247914,"ENELAM.SN":-0.2548809804,"ENELCHILE.SN":-0.524245227,"ENTEL.SN":0.465668639,"FALABELLA.SN":0.0126937476,"IAM.SN":0.251131792,"ITAUCORP.SN":-0.0921163574,"LTM.SN":-0.7034249675,"MALLPLAZA.SN":0.1287657537,"PARAUCO.SN":0.1811180671,"RIPLEY.SN":0.4342486157,"SECURITY.SN":0.074661951,"SMU.SN":0.3085372106,"SONDA.SN":0.5532006911,"SQM-B.SN":0.2321225853,"VAPORES.SN":0.5330730838,"Promedio":0.2947271003},{"index":"CFMITNIPSA.SN","AESANDES.SN":0.4290153383,"AGUAS-A.SN":0.6307484899,"ANDINA-B.SN":0.3333947856,"BCI.SN":0.6711129401,"BSANTANDER.SN":0.5174852532,"CAP.SN":0.5725221571,"CCU.SN":-0.7200025236,"CENCOSHOPP.SN":0.6613175357,"CENCOSUD.SN":0.4996460022,"CFMITNIPSA.SN":1.0,"CHILE.SN":0.8650064599,"CMPC.SN":0.5017108235,"COLBUN.SN":0.2277431585,"CONCHATORO.SN":-0.1268808281,"COPEC.SN":0.7108382069,"ECL.SN":-0.3601455313,"ENELAM.SN":-0.1272599914,"ENELCHILE.SN":-0.4235637876,"ENTEL.SN":0.6973589789,"FALABELLA.SN":-0.4603926031,"IAM.SN":0.3268488898,"ITAUCORP.SN":0.68006671,"LTM.SN":-0.5063965568,"MALLPLAZA.SN":0.0502066125,"PARAUCO.SN":0.3160659865,"RIPLEY.SN":0.7014105869,"SECURITY.SN":0.771215435,"SMU.SN":0.8140274443,"SONDA.SN":0.7625023061,"SQM-B.SN":0.8614062698,"VAPORES.SN":0.7072125732,"Promedio":0.9076607689},{"index":"CHILE.SN","AESANDES.SN":0.560388436,"AGUAS-A.SN":0.4329822771,"ANDINA-B.SN":0.0490065875,"BCI.SN":0.5088914109,"BSANTANDER.SN":0.6254339453,"CAP.SN":0.7006837892,"CCU.SN":-0.7394484164,"CENCOSHOPP.SN":0.4134776377,"CENCOSUD.SN":0.5667126062,"CFMITNIPSA.SN":0.8650064599,"CHILE.SN":1.0,"CMPC.SN":0.271491837,"COLBUN.SN":-0.0254622356,"CONCHATORO.SN":-0.1098020066,"COPEC.SN":0.5189520159,"ECL.SN":-0.5653711641,"ENELAM.SN":-0.3768051171,"ENELCHILE.SN":-0.6962654404,"ENTEL.SN":0.7388493554,"FALABELLA.SN":-0.5669673094,"IAM.SN":0.0502914823,"ITAUCORP.SN":0.4382488418,"LTM.SN":-0.6383900268,"MALLPLAZA.SN":-0.1663158319,"PARAUCO.SN":-0.0096660817,"RIPLEY.SN":0.5196188793,"SECURITY.SN":0.607585851,"SMU.SN":0.6723639679,"SONDA.SN":0.6231334679,"SQM-B.SN":0.8281172626,"VAPORES.SN":0.7707255286,"Promedio":0.856634241},{"index":"CMPC.SN","AESANDES.SN":-0.1040470507,"AGUAS-A.SN":0.6193866879,"ANDINA-B.SN":0.5250516743,"BCI.SN":0.3237570272,"BSANTANDER.SN":-0.2170031035,"CAP.SN":-0.1599978508,"CCU.SN":-0.3919492589,"CENCOSHOPP.SN":0.6324074168,"CENCOSUD.SN":-0.1328159633,"CFMITNIPSA.SN":0.5017108235,"CHILE.SN":0.271491837,"CMPC.SN":1.0,"COLBUN.SN":0.4911117032,"CONCHATORO.SN":-0.1829746448,"COPEC.SN":0.8655330076,"ECL.SN":-0.004534135,"ENELAM.SN":0.0751857698,"ENELCHILE.SN":0.1643751961,"ENTEL.SN":0.1166775251,"FALABELLA.SN":-0.3788460039,"IAM.SN":0.3916264804,"ITAUCORP.SN":0.5694760619,"LTM.SN":-0.0697370067,"MALLPLAZA.SN":0.1226166404,"PARAUCO.SN":0.4150537471,"RIPLEY.SN":0.4336268895,"SECURITY.SN":0.6948770414,"SMU.SN":0.5820456632,"SONDA.SN":0.3786883834,"SQM-B.SN":0.4973516016,"VAPORES.SN":0.0299894035,"Promedio":0.5024156149},{"index":"COLBUN.SN","AESANDES.SN":-0.2175068128,"AGUAS-A.SN":0.1800095373,"ANDINA-B.SN":0.2558634647,"BCI.SN":0.2408758086,"BSANTANDER.SN":-0.0648496612,"CAP.SN":-0.1730766164,"CCU.SN":-0.2208018998,"CENCOSHOPP.SN":0.3777614161,"CENCOSUD.SN":-0.195348897,"CFMITNIPSA.SN":0.2277431585,"CHILE.SN":-0.0254622356,"CMPC.SN":0.4911117032,"COLBUN.SN":1.0,"CONCHATORO.SN":-0.1999524004,"COPEC.SN":0.4823688661,"ECL.SN":0.1890626982,"ENELAM.SN":0.168279342,"ENELCHILE.SN":0.398238777,"ENTEL.SN":-0.1760821352,"FALABELLA.SN":0.0311880514,"IAM.SN":0.2621690411,"ITAUCORP.SN":0.4840347603,"LTM.SN":0.3020852998,"MALLPLAZA.SN":0.2269745327,"PARAUCO.SN":0.3552526455,"RIPLEY.SN":0.2119213782,"SECURITY.SN":0.382663882,"SMU.SN":0.1506854964,"SONDA.SN":0.4063646743,"SQM-B.SN":0.0719025238,"VAPORES.SN":-0.1202910807,"Promedio":0.0935417628},{"index":"CONCHATORO.SN","AESANDES.SN":0.1842291962,"AGUAS-A.SN":-0.0689644297,"ANDINA-B.SN":0.0207389024,"BCI.SN":-0.0185283669,"BSANTANDER.SN":0.1263328393,"CAP.SN":0.0942769981,"CCU.SN":0.4497459634,"CENCOSHOPP.SN":-0.2653831389,"CENCOSUD.SN":0.0726811442,"CFMITNIPSA.SN":-0.1268808281,"CHILE.SN":-0.1098020066,"CMPC.SN":-0.1829746448,"COLBUN.SN":-0.1999524004,"CONCHATORO.SN":1.0,"COPEC.SN":-0.2645516274,"ECL.SN":0.0826585267,"ENELAM.SN":-0.182912978,"ENELCHILE.SN":-0.1471800052,"ENTEL.SN":0.2643010049,"FALABELLA.SN":0.2153623668,"IAM.SN":-0.100692761,"ITAUCORP.SN":-0.0165026461,"LTM.SN":-0.1061785388,"MALLPLAZA.SN":-0.1437251368,"PARAUCO.SN":-0.1038968014,"RIPLEY.SN":-0.0823386237,"SECURITY.SN":-0.2489498483,"SMU.SN":-0.0000016556,"SONDA.SN":-0.2806824061,"SQM-B.SN":-0.1687967725,"VAPORES.SN":0.1614250002,"Promedio":-0.1434862574},{"index":"COPEC.SN","AESANDES.SN":0.172758227,"AGUAS-A.SN":0.7102785656,"ANDINA-B.SN":0.5072136429,"BCI.SN":0.4281241241,"BSANTANDER.SN":-0.0367127751,"CAP.SN":0.0837290562,"CCU.SN":-0.5991331024,"CENCOSHOPP.SN":0.779282291,"CENCOSUD.SN":0.132711562,"CFMITNIPSA.SN":0.7108382069,"CHILE.SN":0.5189520159,"CMPC.SN":0.8655330076,"COLBUN.SN":0.4823688661,"CONCHATORO.SN":-0.2645516274,"COPEC.SN":1.0,"ECL.SN":-0.0851025707,"ENELAM.SN":-0.0203450359,"ENELCHILE.SN":-0.0405681755,"ENTEL.SN":0.2892654302,"FALABELLA.SN":-0.4638591664,"IAM.SN":0.456544763,"ITAUCORP.SN":0.6026720022,"LTM.SN":-0.3327172425,"MALLPLAZA.SN":0.132960549,"PARAUCO.SN":0.4429868004,"RIPLEY.SN":0.5595937471,"SECURITY.SN":0.7767838836,"SMU.SN":0.7135229544,"SONDA.SN":0.5846306908,"SQM-B.SN":0.6615612526,"VAPORES.SN":0.2830424026,"Promedio":0.6777371097},{"index":"ECL.SN","AESANDES.SN":-0.1147398558,"AGUAS-A.SN":0.2443150295,"ANDINA-B.SN":0.3272124029,"BCI.SN":0.019929867,"BSANTANDER.SN":-0.3344437731,"CAP.SN":-0.4946908649,"CCU.SN":0.5826114328,"CENCOSHOPP.SN":0.1296296687,"CENCOSUD.SN":-0.0077247914,"CFMITNIPSA.SN":-0.3601455313,"CHILE.SN":-0.5653711641,"CMPC.SN":-0.004534135,"COLBUN.SN":0.1890626982,"CONCHATORO.SN":0.0826585267,"COPEC.SN":-0.0851025707,"ECL.SN":1.0,"ENELAM.SN":0.5590134026,"ENELCHILE.SN":0.7116599089,"ENTEL.SN":-0.4764959445,"FALABELLA.SN":0.7052519698,"IAM.SN":0.621923761,"ITAUCORP.SN":-0.2670085263,"LTM.SN":0.1943227181,"MALLPLAZA.SN":0.659845813,"PARAUCO.SN":0.6002238282,"RIPLEY.SN":0.0602729035,"SECURITY.SN":-0.2643145336,"SMU.SN":-0.2249149968,"SONDA.SN":0.0089971688,"SQM-B.SN":-0.6319529202,"VAPORES.SN":-0.6054082066,"Promedio":-0.5954854208},{"index":"ENELAM.SN","AESANDES.SN":-0.4166557349,"AGUAS-A.SN":0.2172783097,"ANDINA-B.SN":0.2182807028,"BCI.SN":0.0095765643,"BSANTANDER.SN":-0.321242425,"CAP.SN":-0.5428476557,"CCU.SN":0.251116821,"CENCOSHOPP.SN":0.194566125,"CENCOSUD.SN":-0.2548809804,"CFMITNIPSA.SN":-0.1272599914,"CHILE.SN":-0.3768051171,"CMPC.SN":0.0751857698,"COLBUN.SN":0.168279342,"CONCHATORO.SN":-0.182912978,"COPEC.SN":-0.0203450359,"ECL.SN":0.5590134026,"ENELAM.SN":1.0,"ENELCHILE.SN":0.7584868702,"ENTEL.SN":-0.3945573934,"FALABELLA.SN":0.4916502328,"IAM.SN":0.5476542695,"ITAUCORP.SN":-0.0116372276,"LTM.SN":0.3519814309,"MALLPLAZA.SN":0.5428497976,"PARAUCO.SN":0.4652579744,"RIPLEY.SN":-0.0995538559,"SECURITY.SN":-0.0920907857,"SMU.SN":-0.1262388399,"SONDA.SN":-0.025473305,"SQM-B.SN":-0.2893269099,"VAPORES.SN":-0.5158488333,"Promedio":-0.287658721},{"index":"ENELCHILE.SN","AESANDES.SN":-0.6835436984,"AGUAS-A.SN":0.0282410604,"ANDINA-B.SN":0.2005967129,"BCI.SN":-0.0902218756,"BSANTANDER.SN":-0.5585520096,"CAP.SN":-0.7705791826,"CCU.SN":0.430909923,"CENCOSHOPP.SN":0.0567089119,"CENCOSUD.SN":-0.524245227,"CFMITNIPSA.SN":-0.4235637876,"CHILE.SN":-0.6962654404,"CMPC.SN":0.1643751961,"COLBUN.SN":0.398238777,"CONCHATORO.SN":-0.1471800052,"COPEC.SN":-0.0405681755,"ECL.SN":0.7116599089,"ENELAM.SN":0.7584868702,"ENELCHILE.SN":1.0,"ENTEL.SN":-0.6418069023,"FALABELLA.SN":0.5374487183,"IAM.SN":0.3979138813,"ITAUCORP.SN":-0.0099403055,"LTM.SN":0.6489015891,"MALLPLAZA.SN":0.4845506602,"PARAUCO.SN":0.4046198599,"RIPLEY.SN":-0.2166530607,"SECURITY.SN":-0.1671888332,"SMU.SN":-0.3165200083,"SONDA.SN":-0.1651901152,"SQM-B.SN":-0.5333430554,"VAPORES.SN":-0.7821936503,"Promedio":-0.5364614778},{"index":"ENTEL.SN","AESANDES.SN":0.5052057579,"AGUAS-A.SN":0.3252026984,"ANDINA-B.SN":-0.0272562168,"BCI.SN":0.4497733404,"BSANTANDER.SN":0.5606743541,"CAP.SN":0.6155391318,"CCU.SN":-0.4848971825,"CENCOSHOPP.SN":0.2462710163,"CENCOSUD.SN":0.465668639,"CFMITNIPSA.SN":0.6973589789,"CHILE.SN":0.7388493554,"CMPC.SN":0.1166775251,"COLBUN.SN":-0.1760821352,"CONCHATORO.SN":0.2643010049,"COPEC.SN":0.2892654302,"ECL.SN":-0.4764959445,"ENELAM.SN":-0.3945573934,"ENELCHILE.SN":-0.6418069023,"ENTEL.SN":1.0,"FALABELLA.SN":-0.486240243,"IAM.SN":-0.0414356863,"ITAUCORP.SN":0.4701376022,"LTM.SN":-0.5341912411,"MALLPLAZA.SN":-0.2822858567,"PARAUCO.SN":-0.0329171571,"RIPLEY.SN":0.4974245791,"SECURITY.SN":0.5147962602,"SMU.SN":0.6814398219,"SONDA.SN":0.4635420907,"SQM-B.SN":0.7019592194,"VAPORES.SN":0.823976191,"Promedio":0.7331411731},{"index":"FALABELLA.SN","AESANDES.SN":-0.2163729473,"AGUAS-A.SN":-0.198026346,"ANDINA-B.SN":0.0885529893,"BCI.SN":0.0034800951,"BSANTANDER.SN":0.0121565242,"CAP.SN":-0.2882845645,"CCU.SN":0.7601618113,"CENCOSHOPP.SN":-0.2941259497,"CENCOSUD.SN":0.0126937476,"CFMITNIPSA.SN":-0.4603926031,"CHILE.SN":-0.5669673094,"CMPC.SN":-0.3788460039,"COLBUN.SN":0.0311880514,"CONCHATORO.SN":0.2153623668,"COPEC.SN":-0.4638591664,"ECL.SN":0.7052519698,"ENELAM.SN":0.4916502328,"ENELCHILE.SN":0.5374487183,"ENTEL.SN":-0.486240243,"FALABELLA.SN":1.0,"IAM.SN":0.2245435587,"ITAUCORP.SN":-0.4283673546,"LTM.SN":0.4266743464,"MALLPLAZA.SN":0.6173517249,"PARAUCO.SN":0.3391338241,"RIPLEY.SN":-0.2227728515,"SECURITY.SN":-0.5940791583,"SMU.SN":-0.5908066235,"SONDA.SN":-0.1446100858,"SQM-B.SN":-0.7969542693,"VAPORES.SN":-0.5952553666,"Promedio":-0.7427534251},{"index":"IAM.SN","AESANDES.SN":0.1652221502,"AGUAS-A.SN":0.8344081342,"ANDINA-B.SN":0.5051612827,"BCI.SN":0.3396113249,"BSANTANDER.SN":-0.1383406861,"CAP.SN":-0.1728679259,"CCU.SN":-0.056635419,"CENCOSHOPP.SN":0.625526554,"CENCOSUD.SN":0.251131792,"CFMITNIPSA.SN":0.3268488898,"CHILE.SN":0.0502914823,"CMPC.SN":0.3916264804,"COLBUN.SN":0.2621690411,"CONCHATORO.SN":-0.100692761,"COPEC.SN":0.456544763,"ECL.SN":0.621923761,"ENELAM.SN":0.5476542695,"ENELCHILE.SN":0.3979138813,"ENTEL.SN":-0.0414356863,"FALABELLA.SN":0.2245435587,"IAM.SN":1.0,"ITAUCORP.SN":0.1688755617,"LTM.SN":-0.2362916338,"MALLPLAZA.SN":0.5657037933,"PARAUCO.SN":0.6975377861,"RIPLEY.SN":0.4241137689,"SECURITY.SN":0.2542903164,"SMU.SN":0.3465231043,"SONDA.SN":0.4597230048,"SQM-B.SN":0.0576831092,"VAPORES.SN":-0.1022581495,"Promedio":0.0959093054},{"index":"ITAUCORP.SN","AESANDES.SN":-0.1329839338,"AGUAS-A.SN":0.3653795369,"ANDINA-B.SN":0.2229992795,"BCI.SN":0.5925290694,"BSANTANDER.SN":0.1597503217,"CAP.SN":0.1677340736,"CCU.SN":-0.5004801261,"CENCOSHOPP.SN":0.4658643822,"CENCOSUD.SN":-0.0921163574,"CFMITNIPSA.SN":0.68006671,"CHILE.SN":0.4382488418,"CMPC.SN":0.5694760619,"COLBUN.SN":0.4840347603,"CONCHATORO.SN":-0.0165026461,"COPEC.SN":0.6026720022,"ECL.SN":-0.2670085263,"ENELAM.SN":-0.0116372276,"ENELCHILE.SN":-0.0099403055,"ENTEL.SN":0.4701376022,"FALABELLA.SN":-0.4283673546,"IAM.SN":0.1688755617,"ITAUCORP.SN":1.0,"LTM.SN":0.0508385846,"MALLPLAZA.SN":-0.0525643549,"PARAUCO.SN":0.229376013,"RIPLEY.SN":0.4934449397,"SECURITY.SN":0.7631184927,"SMU.SN":0.6432265654,"SONDA.SN":0.4686944554,"SQM-B.SN":0.6636314839,"VAPORES.SN":0.4137944407,"Promedio":0.6920755235},{"index":"LTM.SN","AESANDES.SN":-0.8761376278,"AGUAS-A.SN":-0.5150890862,"ANDINA-B.SN":-0.2098563634,"BCI.SN":-0.0934732637,"BSANTANDER.SN":-0.2559625533,"CAP.SN":-0.5191671638,"CCU.SN":0.404630938,"CENCOSHOPP.SN":-0.4511795522,"CENCOSUD.SN":-0.7034249675,"CFMITNIPSA.SN":-0.5063965568,"CHILE.SN":-0.6383900268,"CMPC.SN":-0.0697370067,"COLBUN.SN":0.3020852998,"CONCHATORO.SN":-0.1061785388,"COPEC.SN":-0.3327172425,"ECL.SN":0.1943227181,"ENELAM.SN":0.3519814309,"ENELCHILE.SN":0.6489015891,"ENTEL.SN":-0.5341912411,"FALABELLA.SN":0.4266743464,"IAM.SN":-0.2362916338,"ITAUCORP.SN":0.0508385846,"LTM.SN":1.0,"MALLPLAZA.SN":0.1135769209,"PARAUCO.SN":-0.0698096855,"RIPLEY.SN":-0.4685696579,"SECURITY.SN":-0.2809855066,"SMU.SN":-0.5883176056,"SONDA.SN":-0.3313788222,"SQM-B.SN":-0.5197674703,"VAPORES.SN":-0.6427052825,"Promedio":-0.522084007},{"index":"MALLPLAZA.SN","AESANDES.SN":-0.0437330136,"AGUAS-A.SN":0.3118053654,"ANDINA-B.SN":0.4573242752,"BCI.SN":0.2862264048,"BSANTANDER.SN":-0.0648403635,"CAP.SN":-0.2451848392,"CCU.SN":0.3147343535,"CENCOSHOPP.SN":0.4278917855,"CENCOSUD.SN":0.1287657537,"CFMITNIPSA.SN":0.0502066125,"CHILE.SN":-0.1663158319,"CMPC.SN":0.1226166404,"COLBUN.SN":0.2269745327,"CONCHATORO.SN":-0.1437251368,"COPEC.SN":0.132960549,"ECL.SN":0.659845813,"ENELAM.SN":0.5428497976,"ENELCHILE.SN":0.4845506602,"ENTEL.SN":-0.2822858567,"FALABELLA.SN":0.6173517249,"IAM.SN":0.5657037933,"ITAUCORP.SN":-0.0525643549,"LTM.SN":0.1135769209,"MALLPLAZA.SN":1.0,"PARAUCO.SN":0.8582192772,"RIPLEY.SN":0.2892733131,"SECURITY.SN":0.0155463659,"SMU.SN":-0.011048181,"SONDA.SN":0.2968961714,"SQM-B.SN":-0.2921687586,"VAPORES.SN":-0.3585998033,"Promedio":-0.2351871727},{"index":"PARAUCO.SN","AESANDES.SN":0.0681346758,"AGUAS-A.SN":0.5654025867,"ANDINA-B.SN":0.6487817819,"BCI.SN":0.4148386854,"BSANTANDER.SN":-0.0956171814,"CAP.SN":-0.1825578646,"CCU.SN":0.0837215091,"CENCOSHOPP.SN":0.7030792066,"CENCOSUD.SN":0.1811180671,"CFMITNIPSA.SN":0.3160659865,"CHILE.SN":-0.0096660817,"CMPC.SN":0.4150537471,"COLBUN.SN":0.3552526455,"CONCHATORO.SN":-0.1038968014,"COPEC.SN":0.4429868004,"ECL.SN":0.6002238282,"ENELAM.SN":0.4652579744,"ENELCHILE.SN":0.4046198599,"ENTEL.SN":-0.0329171571,"FALABELLA.SN":0.3391338241,"IAM.SN":0.6975377861,"ITAUCORP.SN":0.229376013,"LTM.SN":-0.0698096855,"MALLPLAZA.SN":0.8582192772,"PARAUCO.SN":1.0,"RIPLEY.SN":0.5492343351,"SECURITY.SN":0.3439268026,"SMU.SN":0.3536234535,"SONDA.SN":0.4885032236,"SQM-B.SN":0.0179831196,"VAPORES.SN":-0.1470799686,"Promedio":0.073982376},{"index":"RIPLEY.SN","AESANDES.SN":0.42556952,"AGUAS-A.SN":0.5969592543,"ANDINA-B.SN":0.4643932273,"BCI.SN":0.6810795575,"BSANTANDER.SN":0.2495786689,"CAP.SN":0.308695894,"CCU.SN":-0.3452316675,"CENCOSHOPP.SN":0.6612510255,"CENCOSUD.SN":0.4342486157,"CFMITNIPSA.SN":0.7014105869,"CHILE.SN":0.5196188793,"CMPC.SN":0.4336268895,"COLBUN.SN":0.2119213782,"CONCHATORO.SN":-0.0823386237,"COPEC.SN":0.5595937471,"ECL.SN":0.0602729035,"ENELAM.SN":-0.0995538559,"ENELCHILE.SN":-0.2166530607,"ENTEL.SN":0.4974245791,"FALABELLA.SN":-0.2227728515,"IAM.SN":0.4241137689,"ITAUCORP.SN":0.4934449397,"LTM.SN":-0.4685696579,"MALLPLAZA.SN":0.2892733131,"PARAUCO.SN":0.5492343351,"RIPLEY.SN":1.0,"SECURITY.SN":0.7233519177,"SMU.SN":0.7583754999,"SONDA.SN":0.6479963538,"SQM-B.SN":0.5455656588,"VAPORES.SN":0.4171765072,"Promedio":0.6024715275},{"index":"SECURITY.SN","AESANDES.SN":0.1280094625,"AGUAS-A.SN":0.5471217268,"ANDINA-B.SN":0.3620138331,"BCI.SN":0.587559491,"BSANTANDER.SN":0.050177138,"CAP.SN":0.1334823312,"CCU.SN":-0.633137767,"CENCOSHOPP.SN":0.6898971375,"CENCOSUD.SN":0.074661951,"CFMITNIPSA.SN":0.771215435,"CHILE.SN":0.607585851,"CMPC.SN":0.6948770414,"COLBUN.SN":0.382663882,"CONCHATORO.SN":-0.2489498483,"COPEC.SN":0.7767838836,"ECL.SN":-0.2643145336,"ENELAM.SN":-0.0920907857,"ENELCHILE.SN":-0.1671888332,"ENTEL.SN":0.5147962602,"FALABELLA.SN":-0.5940791583,"IAM.SN":0.2542903164,"ITAUCORP.SN":0.7631184927,"LTM.SN":-0.2809855066,"MALLPLAZA.SN":0.0155463659,"PARAUCO.SN":0.3439268026,"RIPLEY.SN":0.7233519177,"SECURITY.SN":1.0,"SMU.SN":0.8463956996,"SONDA.SN":0.5632765286,"SQM-B.SN":0.8069423586,"VAPORES.SN":0.4585651905,"Promedio":0.820740325},{"index":"SMU.SN","AESANDES.SN":0.4126655675,"AGUAS-A.SN":0.6930972816,"ANDINA-B.SN":0.3702832084,"BCI.SN":0.515850642,"BSANTANDER.SN":0.1201690922,"CAP.SN":0.2595224333,"CCU.SN":-0.6059129473,"CENCOSHOPP.SN":0.7322594435,"CENCOSUD.SN":0.3085372106,"CFMITNIPSA.SN":0.8140274443,"CHILE.SN":0.6723639679,"CMPC.SN":0.5820456632,"COLBUN.SN":0.1506854964,"CONCHATORO.SN":-0.0000016556,"COPEC.SN":0.7135229544,"ECL.SN":-0.2249149968,"ENELAM.SN":-0.1262388399,"ENELCHILE.SN":-0.3165200083,"ENTEL.SN":0.6814398219,"FALABELLA.SN":-0.5908066235,"IAM.SN":0.3465231043,"ITAUCORP.SN":0.6432265654,"LTM.SN":-0.5883176056,"MALLPLAZA.SN":-0.011048181,"PARAUCO.SN":0.3536234535,"RIPLEY.SN":0.7583754999,"SECURITY.SN":0.8463956996,"SMU.SN":1.0,"SONDA.SN":0.5299447217,"SQM-B.SN":0.8446912955,"VAPORES.SN":0.6320207521,"Promedio":0.8577833645},{"index":"SONDA.SN","AESANDES.SN":0.3633472057,"AGUAS-A.SN":0.5731738948,"ANDINA-B.SN":0.3041140185,"BCI.SN":0.5708485232,"BSANTANDER.SN":0.5380181897,"CAP.SN":0.4671897623,"CCU.SN":-0.589159004,"CENCOSHOPP.SN":0.621241959,"CENCOSUD.SN":0.5532006911,"CFMITNIPSA.SN":0.7625023061,"CHILE.SN":0.6231334679,"CMPC.SN":0.3786883834,"COLBUN.SN":0.4063646743,"CONCHATORO.SN":-0.2806824061,"COPEC.SN":0.5846306908,"ECL.SN":0.0089971688,"ENELAM.SN":-0.025473305,"ENELCHILE.SN":-0.1651901152,"ENTEL.SN":0.4635420907,"FALABELLA.SN":-0.1446100858,"IAM.SN":0.4597230048,"ITAUCORP.SN":0.4686944554,"LTM.SN":-0.3313788222,"MALLPLAZA.SN":0.2968961714,"PARAUCO.SN":0.4885032236,"RIPLEY.SN":0.6479963538,"SECURITY.SN":0.5632765286,"SMU.SN":0.5299447217,"SONDA.SN":1.0,"SQM-B.SN":0.4805111854,"VAPORES.SN":0.4329310419,"Promedio":0.5418442019},{"index":"SQM-B.SN","AESANDES.SN":0.3319327748,"AGUAS-A.SN":0.4770496008,"ANDINA-B.SN":0.1675772307,"BCI.SN":0.4204514272,"BSANTANDER.SN":0.258117088,"CAP.SN":0.4322922735,"CCU.SN":-0.8163770049,"CENCOSHOPP.SN":0.5563352535,"CENCOSUD.SN":0.2321225853,"CFMITNIPSA.SN":0.8614062698,"CHILE.SN":0.8281172626,"CMPC.SN":0.4973516016,"COLBUN.SN":0.0719025238,"CONCHATORO.SN":-0.1687967725,"COPEC.SN":0.6615612526,"ECL.SN":-0.6319529202,"ENELAM.SN":-0.2893269099,"ENELCHILE.SN":-0.5333430554,"ENTEL.SN":0.7019592194,"FALABELLA.SN":-0.7969542693,"IAM.SN":0.0576831092,"ITAUCORP.SN":0.6636314839,"LTM.SN":-0.5197674703,"MALLPLAZA.SN":-0.2921687586,"PARAUCO.SN":0.0179831196,"RIPLEY.SN":0.5455656588,"SECURITY.SN":0.8069423586,"SMU.SN":0.8446912955,"SONDA.SN":0.4805111854,"SQM-B.SN":1.0,"VAPORES.SN":0.7376411316,"Promedio":0.9925789564},{"index":"VAPORES.SN","AESANDES.SN":0.6534754555,"AGUAS-A.SN":0.2592507615,"ANDINA-B.SN":-0.0922351039,"BCI.SN":0.3158178344,"BSANTANDER.SN":0.5661988582,"CAP.SN":0.7588754263,"CCU.SN":-0.6115281788,"CENCOSHOPP.SN":0.2691019821,"CENCOSUD.SN":0.5330730838,"CFMITNIPSA.SN":0.7072125732,"CHILE.SN":0.7707255286,"CMPC.SN":0.0299894035,"COLBUN.SN":-0.1202910807,"CONCHATORO.SN":0.1614250002,"COPEC.SN":0.2830424026,"ECL.SN":-0.6054082066,"ENELAM.SN":-0.5158488333,"ENELCHILE.SN":-0.7821936503,"ENTEL.SN":0.823976191,"FALABELLA.SN":-0.5952553666,"IAM.SN":-0.1022581495,"ITAUCORP.SN":0.4137944407,"LTM.SN":-0.6427052825,"MALLPLAZA.SN":-0.3585998033,"PARAUCO.SN":-0.1470799686,"RIPLEY.SN":0.4171765072,"SECURITY.SN":0.4585651905,"SMU.SN":0.6320207521,"SONDA.SN":0.4329310419,"SQM-B.SN":0.7376411316,"VAPORES.SN":1.0,"Promedio":0.7554654749},{"index":"Promedio","AESANDES.SN":0.3591056723,"AGUAS-A.SN":0.5037037065,"ANDINA-B.SN":0.2030799093,"BCI.SN":0.5137417837,"BSANTANDER.SN":0.3316761873,"CAP.SN":0.4879598378,"CCU.SN":-0.7976815084,"CENCOSHOPP.SN":0.571464276,"CENCOSUD.SN":0.2947271003,"CFMITNIPSA.SN":0.9076607689,"CHILE.SN":0.856634241,"CMPC.SN":0.5024156149,"COLBUN.SN":0.0935417628,"CONCHATORO.SN":-0.1434862574,"COPEC.SN":0.6777371097,"ECL.SN":-0.5954854208,"ENELAM.SN":-0.287658721,"ENELCHILE.SN":-0.5364614778,"ENTEL.SN":0.7331411731,"FALABELLA.SN":-0.7427534251,"IAM.SN":0.0959093054,"ITAUCORP.SN":0.6920755235,"LTM.SN":-0.522084007,"MALLPLAZA.SN":-0.2351871727,"PARAUCO.SN":0.073982376,"RIPLEY.SN":0.6024715275,"SECURITY.SN":0.820740325,"SMU.SN":0.8577833645,"SONDA.SN":0.5418442019,"SQM-B.SN":0.9925789564,"VAPORES.SN":0.7554654749,"Promedio":1.0}]}