{"schema":{"fields":[{"name":"index","type":"string"},{"name":"AESANDES.SN","type":"number"},{"name":"AGUAS-A.SN","type":"number"},{"name":"ANDINA-B.SN","type":"number"},{"name":"BCI.SN","type":"number"},{"name":"BSANTANDER.SN","type":"number"},{"name":"CAP.SN","type":"number"},{"name":"CCU.SN","type":"number"},{"name":"CENCOSHOPP.SN","type":"number"},{"name":"CENCOSUD.SN","type":"number"},{"name":"CFMITNIPSA.SN","type":"number"},{"name":"CHILE.SN","type":"number"},{"name":"CMPC.SN","type":"number"},{"name":"COLBUN.SN","type":"number"},{"name":"CONCHATORO.SN","type":"number"},{"name":"COPEC.SN","type":"number"},{"name":"ECL.SN","type":"number"},{"name":"ENELAM.SN","type":"number"},{"name":"ENELCHILE.SN","type":"number"},{"name":"ENTEL.SN","type":"number"},{"name":"FALABELLA.SN","type":"number"},{"name":"IAM.SN","type":"number"},{"name":"ITAUCORP.SN","type":"number"},{"name":"LTM.SN","type":"number"},{"name":"MALLPLAZA.SN","type":"number"},{"name":"PARAUCO.SN","type":"number"},{"name":"RIPLEY.SN","type":"number"},{"name":"SECURITY.SN","type":"number"},{"name":"SMU.SN","type":"number"},{"name":"SONDA.SN","type":"number"},{"name":"SQM-B.SN","type":"number"},{"name":"VAPORES.SN","type":"number"},{"name":"Promedio","type":"number"}],"primaryKey":["index"],"pandas_version":"0.20.0"},"data":[{"index":"AESANDES.SN","AESANDES.SN":1.0,"AGUAS-A.SN":-0.0281831682,"ANDINA-B.SN":0.1828344825,"BCI.SN":-0.105215078,"BSANTANDER.SN":-0.2677288877,"CAP.SN":-0.3372689573,"CCU.SN":-0.3671087491,"CENCOSHOPP.SN":0.3055861383,"CENCOSUD.SN":-0.2853978624,"CFMITNIPSA.SN":-0.1145435276,"CHILE.SN":-0.4285368043,"CMPC.SN":-0.0662543686,"COLBUN.SN":-0.0014075448,"CONCHATORO.SN":-0.0328384469,"COPEC.SN":-0.0531286377,"ECL.SN":-0.0490839764,"ENELAM.SN":-0.5229499673,"ENELCHILE.SN":-0.170486346,"ENTEL.SN":0.2392277327,"FALABELLA.SN":-0.0833025337,"IAM.SN":-0.0938323313,"ITAUCORP.SN":-0.049326345,"LTM.SN":0.2837690894,"MALLPLAZA.SN":0.3653991877,"PARAUCO.SN":0.0289903086,"RIPLEY.SN":0.1465654303,"SECURITY.SN":0.0623010469,"SMU.SN":-0.1283642963,"SONDA.SN":0.0990032683,"SQM-B.SN":-0.4428120876,"VAPORES.SN":0.0616495123,"Promedio":-0.4110730923},{"index":"AGUAS-A.SN","AESANDES.SN":-0.0281831682,"AGUAS-A.SN":1.0,"ANDINA-B.SN":0.2958346477,"BCI.SN":0.2170373746,"BSANTANDER.SN":-0.0340319461,"CAP.SN":0.0183110658,"CCU.SN":0.4886159004,"CENCOSHOPP.SN":0.650596324,"CENCOSUD.SN":0.1613907429,"CFMITNIPSA.SN":0.3827316288,"CHILE.SN":0.4564861142,"CMPC.SN":0.7001535432,"COLBUN.SN":0.4059652326,"CONCHATORO.SN":0.0134860728,"COPEC.SN":0.7442770904,"ECL.SN":0.1432543671,"ENELAM.SN":-0.1346013748,"ENELCHILE.SN":-0.1508337095,"ENTEL.SN":-0.2107810338,"FALABELLA.SN":0.3232701376,"IAM.SN":0.9000733243,"ITAUCORP.SN":0.2999803652,"LTM.SN":0.257710234,"MALLPLAZA.SN":0.7006700248,"PARAUCO.SN":0.5887253832,"RIPLEY.SN":0.2553993061,"SECURITY.SN":0.3636554761,"SMU.SN":0.048119911,"SONDA.SN":0.4237296773,"SQM-B.SN":-0.3485665762,"VAPORES.SN":0.2354540802,"Promedio":-0.1642438873},{"index":"ANDINA-B.SN","AESANDES.SN":0.1828344825,"AGUAS-A.SN":0.2958346477,"ANDINA-B.SN":1.0,"BCI.SN":0.8466679889,"BSANTANDER.SN":0.5044827979,"CAP.SN":0.1466092472,"CCU.SN":0.1479653477,"CENCOSHOPP.SN":0.8192220429,"CENCOSUD.SN":0.7425226995,"CFMITNIPSA.SN":0.8410496272,"CHILE.SN":0.4633554032,"CMPC.SN":-0.1439715536,"COLBUN.SN":0.8710484917,"CONCHATORO.SN":-0.542181496,"COPEC.SN":0.4168250269,"ECL.SN":0.848428574,"ENELAM.SN":0.4819574754,"ENELCHILE.SN":0.6980002387,"ENTEL.SN":0.4677729559,"FALABELLA.SN":0.9266778623,"IAM.SN":0.4442256728,"ITAUCORP.SN":0.7312611176,"LTM.SN":-0.4343504135,"MALLPLAZA.SN":0.7835693146,"PARAUCO.SN":0.8459631925,"RIPLEY.SN":0.9203986845,"SECURITY.SN":0.8575602847,"SMU.SN":0.7172477869,"SONDA.SN":0.8877161223,"SQM-B.SN":0.1416313783,"VAPORES.SN":-0.5855265678,"Promedio":0.4144442783},{"index":"BCI.SN","AESANDES.SN":-0.105215078,"AGUAS-A.SN":0.2170373746,"ANDINA-B.SN":0.8466679889,"BCI.SN":1.0,"BSANTANDER.SN":0.7388096937,"CAP.SN":0.2988013645,"CCU.SN":0.2525494967,"CENCOSHOPP.SN":0.6120348035,"CENCOSUD.SN":0.9023062885,"CFMITNIPSA.SN":0.891435388,"CHILE.SN":0.6880445862,"CMPC.SN":-0.1942362184,"COLBUN.SN":0.8529325505,"CONCHATORO.SN":-0.5729842805,"COPEC.SN":0.2005685925,"ECL.SN":0.9480564518,"ENELAM.SN":0.6791349396,"ENELCHILE.SN":0.8917975582,"ENTEL.SN":0.5457887358,"FALABELLA.SN":0.9188199881,"IAM.SN":0.3788703009,"ITAUCORP.SN":0.8974776238,"LTM.SN":-0.7047657765,"MALLPLAZA.SN":0.539718966,"PARAUCO.SN":0.7363158836,"RIPLEY.SN":0.8992358695,"SECURITY.SN":0.837145251,"SMU.SN":0.8707554723,"SONDA.SN":0.8875533733,"SQM-B.SN":0.404971409,"VAPORES.SN":-0.5955725377,"Promedio":0.6639286186},{"index":"BSANTANDER.SN","AESANDES.SN":-0.2677288877,"AGUAS-A.SN":-0.0340319461,"ANDINA-B.SN":0.5044827979,"BCI.SN":0.7388096937,"BSANTANDER.SN":1.0,"CAP.SN":0.146480348,"CCU.SN":0.3000045159,"CENCOSHOPP.SN":0.1758215321,"CENCOSUD.SN":0.6800287947,"CFMITNIPSA.SN":0.6527068736,"CHILE.SN":0.7325732157,"CMPC.SN":-0.217149302,"COLBUN.SN":0.6455849852,"CONCHATORO.SN":-0.1952824113,"COPEC.SN":-0.0573670094,"ECL.SN":0.7431545291,"ENELAM.SN":0.5790422884,"ENELCHILE.SN":0.7603177652,"ENTEL.SN":0.5635160345,"FALABELLA.SN":0.6108774258,"IAM.SN":0.0514842782,"ITAUCORP.SN":0.7851874865,"LTM.SN":-0.6652417902,"MALLPLAZA.SN":0.1724901391,"PARAUCO.SN":0.2586062678,"RIPLEY.SN":0.55722987,"SECURITY.SN":0.5179304438,"SMU.SN":0.7599714538,"SONDA.SN":0.6317856076,"SQM-B.SN":0.4727190742,"VAPORES.SN":-0.2431980857,"Promedio":0.6193802697},{"index":"CAP.SN","AESANDES.SN":-0.3372689573,"AGUAS-A.SN":0.0183110658,"ANDINA-B.SN":0.1466092472,"BCI.SN":0.2988013645,"BSANTANDER.SN":0.146480348,"CAP.SN":1.0,"CCU.SN":0.3689476119,"CENCOSHOPP.SN":-0.0562590341,"CENCOSUD.SN":0.485575093,"CFMITNIPSA.SN":0.3587976027,"CHILE.SN":0.3562975988,"CMPC.SN":-0.1211787962,"COLBUN.SN":0.1415913199,"CONCHATORO.SN":-0.3467628943,"COPEC.SN":-0.0146058752,"ECL.SN":0.1755827753,"ENELAM.SN":0.4853363799,"ENELCHILE.SN":0.3034842687,"ENTEL.SN":-0.3508637211,"FALABELLA.SN":0.2700737635,"IAM.SN":0.2168844862,"ITAUCORP.SN":0.1450764751,"LTM.SN":-0.2200798577,"MALLPLAZA.SN":-0.0125814756,"PARAUCO.SN":0.3122397966,"RIPLEY.SN":0.1524562484,"SECURITY.SN":0.0250570307,"SMU.SN":0.0809048985,"SONDA.SN":0.1437394349,"SQM-B.SN":0.5523535957,"VAPORES.SN":-0.4135936276,"Promedio":0.5943406586},{"index":"CCU.SN","AESANDES.SN":-0.3671087491,"AGUAS-A.SN":0.4886159004,"ANDINA-B.SN":0.1479653477,"BCI.SN":0.2525494967,"BSANTANDER.SN":0.3000045159,"CAP.SN":0.3689476119,"CCU.SN":1.0,"CENCOSHOPP.SN":0.107440784,"CENCOSUD.SN":0.2652822568,"CFMITNIPSA.SN":0.3892771107,"CHILE.SN":0.7269530714,"CMPC.SN":0.5965457852,"COLBUN.SN":0.3616735555,"CONCHATORO.SN":0.3157145224,"COPEC.SN":0.5494010616,"ECL.SN":0.1360230807,"ENELAM.SN":0.3672662358,"ENELCHILE.SN":0.0546972059,"ENTEL.SN":-0.0264219748,"FALABELLA.SN":0.3188703457,"IAM.SN":0.6270471367,"ITAUCORP.SN":0.3302469418,"LTM.SN":-0.0156091892,"MALLPLAZA.SN":0.2577620084,"PARAUCO.SN":0.2446586882,"RIPLEY.SN":0.1976496888,"SECURITY.SN":0.3982589569,"SMU.SN":0.2660302267,"SONDA.SN":0.2488821577,"SQM-B.SN":-0.1201041492,"VAPORES.SN":0.2717574157,"Promedio":0.0361792137},{"index":"CENCOSHOPP.SN","AESANDES.SN":0.3055861383,"AGUAS-A.SN":0.650596324,"ANDINA-B.SN":0.8192220429,"BCI.SN":0.6120348035,"BSANTANDER.SN":0.1758215321,"CAP.SN":-0.0562590341,"CCU.SN":0.107440784,"CENCOSHOPP.SN":1.0,"CENCOSUD.SN":0.5160453354,"CFMITNIPSA.SN":0.6879121989,"CHILE.SN":0.3021680053,"CMPC.SN":0.2527172612,"COLBUN.SN":0.7357877076,"CONCHATORO.SN":-0.4669856103,"COPEC.SN":0.6549549628,"ECL.SN":0.6035316182,"ENELAM.SN":0.1148742955,"ENELCHILE.SN":0.3418107179,"ENTEL.SN":0.2208531659,"FALABELLA.SN":0.6909350834,"IAM.SN":0.6933259712,"ITAUCORP.SN":0.5380383199,"LTM.SN":-0.1465378153,"MALLPLAZA.SN":0.9435425488,"PARAUCO.SN":0.8896436002,"RIPLEY.SN":0.74488058,"SECURITY.SN":0.7284789178,"SMU.SN":0.4484961796,"SONDA.SN":0.8119032922,"SQM-B.SN":-0.1802624929,"VAPORES.SN":-0.3320260267,"Promedio":0.0832468623},{"index":"CENCOSUD.SN","AESANDES.SN":-0.2853978624,"AGUAS-A.SN":0.1613907429,"ANDINA-B.SN":0.7425226995,"BCI.SN":0.9023062885,"BSANTANDER.SN":0.6800287947,"CAP.SN":0.485575093,"CCU.SN":0.2652822568,"CENCOSHOPP.SN":0.5160453354,"CENCOSUD.SN":1.0,"CFMITNIPSA.SN":0.8717804702,"CHILE.SN":0.6037985843,"CMPC.SN":-0.2285901545,"COLBUN.SN":0.793694678,"CONCHATORO.SN":-0.7041990189,"COPEC.SN":0.1909315429,"ECL.SN":0.879620967,"ENELAM.SN":0.7487182296,"ENELCHILE.SN":0.8724215782,"ENTEL.SN":0.3429245453,"FALABELLA.SN":0.8335486562,"IAM.SN":0.3807902863,"ITAUCORP.SN":0.783131127,"LTM.SN":-0.7676312974,"MALLPLAZA.SN":0.4056330166,"PARAUCO.SN":0.7286020447,"RIPLEY.SN":0.8029979807,"SECURITY.SN":0.6773814358,"SMU.SN":0.7720825186,"SONDA.SN":0.8172928741,"SQM-B.SN":0.5505132516,"VAPORES.SN":-0.7118111555,"Promedio":0.7631441533},{"index":"CFMITNIPSA.SN","AESANDES.SN":-0.1145435276,"AGUAS-A.SN":0.3827316288,"ANDINA-B.SN":0.8410496272,"BCI.SN":0.891435388,"BSANTANDER.SN":0.6527068736,"CAP.SN":0.3587976027,"CCU.SN":0.3892771107,"CENCOSHOPP.SN":0.6879121989,"CENCOSUD.SN":0.8717804702,"CFMITNIPSA.SN":1.0,"CHILE.SN":0.7029751986,"CMPC.SN":-0.0020724335,"COLBUN.SN":0.8636670117,"CONCHATORO.SN":-0.5391665888,"COPEC.SN":0.4032943749,"ECL.SN":0.8673870989,"ENELAM.SN":0.6635737698,"ENELCHILE.SN":0.7639536675,"ENTEL.SN":0.4049593539,"FALABELLA.SN":0.8717607143,"IAM.SN":0.5102444666,"ITAUCORP.SN":0.8153597053,"LTM.SN":-0.5935629648,"MALLPLAZA.SN":0.6443049064,"PARAUCO.SN":0.8030704493,"RIPLEY.SN":0.8322471365,"SECURITY.SN":0.7891272677,"SMU.SN":0.7505844269,"SONDA.SN":0.8349385932,"SQM-B.SN":0.4182791261,"VAPORES.SN":-0.533416229,"Promedio":0.6670333508},{"index":"CHILE.SN","AESANDES.SN":-0.4285368043,"AGUAS-A.SN":0.4564861142,"ANDINA-B.SN":0.4633554032,"BCI.SN":0.6880445862,"BSANTANDER.SN":0.7325732157,"CAP.SN":0.3562975988,"CCU.SN":0.7269530714,"CENCOSHOPP.SN":0.3021680053,"CENCOSUD.SN":0.6037985843,"CFMITNIPSA.SN":0.7029751986,"CHILE.SN":1.0,"CMPC.SN":0.2636418712,"COLBUN.SN":0.630914355,"CONCHATORO.SN":-0.0102810754,"COPEC.SN":0.3904148765,"ECL.SN":0.5672091133,"ENELAM.SN":0.5482928776,"ENELCHILE.SN":0.5094934138,"ENTEL.SN":0.2581873848,"FALABELLA.SN":0.629340063,"IAM.SN":0.500449726,"ITAUCORP.SN":0.7547880229,"LTM.SN":-0.3883044607,"MALLPLAZA.SN":0.3674902034,"PARAUCO.SN":0.4353375563,"RIPLEY.SN":0.4832435078,"SECURITY.SN":0.6018001672,"SMU.SN":0.5927903449,"SONDA.SN":0.5800814732,"SQM-B.SN":0.2524894607,"VAPORES.SN":-0.0449255137,"Promedio":0.4609143035},{"index":"CMPC.SN","AESANDES.SN":-0.0662543686,"AGUAS-A.SN":0.7001535432,"ANDINA-B.SN":-0.1439715536,"BCI.SN":-0.1942362184,"BSANTANDER.SN":-0.217149302,"CAP.SN":-0.1211787962,"CCU.SN":0.5965457852,"CENCOSHOPP.SN":0.2527172612,"CENCOSUD.SN":-0.2285901545,"CFMITNIPSA.SN":-0.0020724335,"CHILE.SN":0.2636418712,"CMPC.SN":1.0,"COLBUN.SN":0.0081989838,"CONCHATORO.SN":0.4539124985,"COPEC.SN":0.696313576,"ECL.SN":-0.2873454429,"ENELAM.SN":-0.2808281506,"ENELCHILE.SN":-0.4802432118,"ENTEL.SN":-0.2430307963,"FALABELLA.SN":-0.1510200883,"IAM.SN":0.6691032635,"ITAUCORP.SN":-0.0844551777,"LTM.SN":0.4075105024,"MALLPLAZA.SN":0.37939634,"PARAUCO.SN":0.1085391073,"RIPLEY.SN":-0.158123492,"SECURITY.SN":0.0600875282,"SMU.SN":-0.1989159241,"SONDA.SN":-0.0089424099,"SQM-B.SN":-0.586804065,"VAPORES.SN":0.5978572161,"Promedio":-0.5008375254},{"index":"COLBUN.SN","AESANDES.SN":-0.0014075448,"AGUAS-A.SN":0.4059652326,"ANDINA-B.SN":0.8710484917,"BCI.SN":0.8529325505,"BSANTANDER.SN":0.6455849852,"CAP.SN":0.1415913199,"CCU.SN":0.3616735555,"CENCOSHOPP.SN":0.7357877076,"CENCOSUD.SN":0.793694678,"CFMITNIPSA.SN":0.8636670117,"CHILE.SN":0.630914355,"CMPC.SN":0.0081989838,"COLBUN.SN":1.0,"CONCHATORO.SN":-0.5279059913,"COPEC.SN":0.4722888748,"ECL.SN":0.9048617233,"ENELAM.SN":0.5840728661,"ENELCHILE.SN":0.7414293579,"ENTEL.SN":0.4419391663,"FALABELLA.SN":0.9156846979,"IAM.SN":0.5343768862,"ITAUCORP.SN":0.780256386,"LTM.SN":-0.6043511215,"MALLPLAZA.SN":0.6777315594,"PARAUCO.SN":0.8238345683,"RIPLEY.SN":0.9307999762,"SECURITY.SN":0.8682702693,"SMU.SN":0.8598399228,"SONDA.SN":0.9152351438,"SQM-B.SN":0.2057669176,"VAPORES.SN":-0.5112153433,"Promedio":0.4713054376},{"index":"CONCHATORO.SN","AESANDES.SN":-0.0328384469,"AGUAS-A.SN":0.0134860728,"ANDINA-B.SN":-0.542181496,"BCI.SN":-0.5729842805,"BSANTANDER.SN":-0.1952824113,"CAP.SN":-0.3467628943,"CCU.SN":0.3157145224,"CENCOSHOPP.SN":-0.4669856103,"CENCOSUD.SN":-0.7041990189,"CFMITNIPSA.SN":-0.5391665888,"CHILE.SN":-0.0102810754,"CMPC.SN":0.4539124985,"COLBUN.SN":-0.5279059913,"CONCHATORO.SN":1.0,"COPEC.SN":0.0202286938,"ECL.SN":-0.653891706,"ENELAM.SN":-0.4023622547,"ENELCHILE.SN":-0.639539553,"ENTEL.SN":-0.1189624229,"FALABELLA.SN":-0.5177614658,"IAM.SN":-0.1160020585,"ITAUCORP.SN":-0.3854975276,"LTM.SN":0.6397042187,"MALLPLAZA.SN":-0.2688677986,"PARAUCO.SN":-0.62617114,"RIPLEY.SN":-0.6086273685,"SECURITY.SN":-0.3517795038,"SMU.SN":-0.4560341057,"SONDA.SN":-0.5368976782,"SQM-B.SN":-0.5567486628,"VAPORES.SN":0.8795048007,"Promedio":-0.6456451136},{"index":"COPEC.SN","AESANDES.SN":-0.0531286377,"AGUAS-A.SN":0.7442770904,"ANDINA-B.SN":0.4168250269,"BCI.SN":0.2005685925,"BSANTANDER.SN":-0.0573670094,"CAP.SN":-0.0146058752,"CCU.SN":0.5494010616,"CENCOSHOPP.SN":0.6549549628,"CENCOSUD.SN":0.1909315429,"CFMITNIPSA.SN":0.4032943749,"CHILE.SN":0.3904148765,"CMPC.SN":0.696313576,"COLBUN.SN":0.4722888748,"CONCHATORO.SN":0.0202286938,"COPEC.SN":1.0,"ECL.SN":0.1556598688,"ENELAM.SN":0.0932338245,"ENELCHILE.SN":-0.091047838,"ENTEL.SN":-0.1413970059,"FALABELLA.SN":0.3647752394,"IAM.SN":0.7764650225,"ITAUCORP.SN":0.2214699372,"LTM.SN":0.1056814043,"MALLPLAZA.SN":0.6941041992,"PARAUCO.SN":0.5898519927,"RIPLEY.SN":0.3147740488,"SECURITY.SN":0.5131555505,"SMU.SN":0.1723862228,"SONDA.SN":0.3927699905,"SQM-B.SN":-0.4258288014,"VAPORES.SN":0.0807175534,"Promedio":-0.2254234698},{"index":"ECL.SN","AESANDES.SN":-0.0490839764,"AGUAS-A.SN":0.1432543671,"ANDINA-B.SN":0.848428574,"BCI.SN":0.9480564518,"BSANTANDER.SN":0.7431545291,"CAP.SN":0.1755827753,"CCU.SN":0.1360230807,"CENCOSHOPP.SN":0.6035316182,"CENCOSUD.SN":0.879620967,"CFMITNIPSA.SN":0.8673870989,"CHILE.SN":0.5672091133,"CMPC.SN":-0.2873454429,"COLBUN.SN":0.9048617233,"CONCHATORO.SN":-0.653891706,"COPEC.SN":0.1556598688,"ECL.SN":1.0,"ENELAM.SN":0.6862713627,"ENELCHILE.SN":0.9173332843,"ENTEL.SN":0.6219951262,"FALABELLA.SN":0.9075526034,"IAM.SN":0.2947941788,"ITAUCORP.SN":0.8371827627,"LTM.SN":-0.7754857637,"MALLPLAZA.SN":0.4948209103,"PARAUCO.SN":0.7141793427,"RIPLEY.SN":0.9274959258,"SECURITY.SN":0.8152373246,"SMU.SN":0.9292711629,"SONDA.SN":0.8656030453,"SQM-B.SN":0.4321400077,"VAPORES.SN":-0.674004157,"Promedio":0.6644687175},{"index":"ENELAM.SN","AESANDES.SN":-0.5229499673,"AGUAS-A.SN":-0.1346013748,"ANDINA-B.SN":0.4819574754,"BCI.SN":0.6791349396,"BSANTANDER.SN":0.5790422884,"CAP.SN":0.4853363799,"CCU.SN":0.3672662358,"CENCOSHOPP.SN":0.1148742955,"CENCOSUD.SN":0.7487182296,"CFMITNIPSA.SN":0.6635737698,"CHILE.SN":0.5482928776,"CMPC.SN":-0.2808281506,"COLBUN.SN":0.5840728661,"CONCHATORO.SN":-0.4023622547,"COPEC.SN":0.0932338245,"ECL.SN":0.6862713627,"ENELAM.SN":1.0,"ENELCHILE.SN":0.8021949436,"ENTEL.SN":0.3133389663,"FALABELLA.SN":0.6755597698,"IAM.SN":0.0867108134,"ITAUCORP.SN":0.4629489026,"LTM.SN":-0.7689371557,"MALLPLAZA.SN":0.0090695617,"PARAUCO.SN":0.4362635722,"RIPLEY.SN":0.57754974,"SECURITY.SN":0.5436484082,"SMU.SN":0.7528250495,"SONDA.SN":0.4328438575,"SQM-B.SN":0.6209406113,"VAPORES.SN":-0.6506203221,"Promedio":0.7451689335},{"index":"ENELCHILE.SN","AESANDES.SN":-0.170486346,"AGUAS-A.SN":-0.1508337095,"ANDINA-B.SN":0.6980002387,"BCI.SN":0.8917975582,"BSANTANDER.SN":0.7603177652,"CAP.SN":0.3034842687,"CCU.SN":0.0546972059,"CENCOSHOPP.SN":0.3418107179,"CENCOSUD.SN":0.8724215782,"CFMITNIPSA.SN":0.7639536675,"CHILE.SN":0.5094934138,"CMPC.SN":-0.4802432118,"COLBUN.SN":0.7414293579,"CONCHATORO.SN":-0.639539553,"COPEC.SN":-0.091047838,"ECL.SN":0.9173332843,"ENELAM.SN":0.8021949436,"ENELCHILE.SN":1.0,"ENTEL.SN":0.5830598162,"FALABELLA.SN":0.7945706653,"IAM.SN":0.0194095538,"ITAUCORP.SN":0.7372525579,"LTM.SN":-0.8934708656,"MALLPLAZA.SN":0.2087998231,"PARAUCO.SN":0.5362973985,"RIPLEY.SN":0.8081741832,"SECURITY.SN":0.6531636195,"SMU.SN":0.8835237316,"SONDA.SN":0.7145372677,"SQM-B.SN":0.6398237097,"VAPORES.SN":-0.764645683,"Promedio":0.8049239065},{"index":"ENTEL.SN","AESANDES.SN":0.2392277327,"AGUAS-A.SN":-0.2107810338,"ANDINA-B.SN":0.4677729559,"BCI.SN":0.5457887358,"BSANTANDER.SN":0.5635160345,"CAP.SN":-0.3508637211,"CCU.SN":-0.0264219748,"CENCOSHOPP.SN":0.2208531659,"CENCOSUD.SN":0.3429245453,"CFMITNIPSA.SN":0.4049593539,"CHILE.SN":0.2581873848,"CMPC.SN":-0.2430307963,"COLBUN.SN":0.4419391663,"CONCHATORO.SN":-0.1189624229,"COPEC.SN":-0.1413970059,"ECL.SN":0.6219951262,"ENELAM.SN":0.3133389663,"ENELCHILE.SN":0.5830598162,"ENTEL.SN":1.0,"FALABELLA.SN":0.4428215059,"IAM.SN":-0.1185907115,"ITAUCORP.SN":0.5882822273,"LTM.SN":-0.5031727053,"MALLPLAZA.SN":0.1943075098,"PARAUCO.SN":0.082316029,"RIPLEY.SN":0.5579528731,"SECURITY.SN":0.5510004254,"SMU.SN":0.6822843359,"SONDA.SN":0.4161096209,"SQM-B.SN":0.0372745946,"VAPORES.SN":-0.2146247457,"Promedio":0.1712276029},{"index":"FALABELLA.SN","AESANDES.SN":-0.0833025337,"AGUAS-A.SN":0.3232701376,"ANDINA-B.SN":0.9266778623,"BCI.SN":0.9188199881,"BSANTANDER.SN":0.6108774258,"CAP.SN":0.2700737635,"CCU.SN":0.3188703457,"CENCOSHOPP.SN":0.6909350834,"CENCOSUD.SN":0.8335486562,"CFMITNIPSA.SN":0.8717607143,"CHILE.SN":0.629340063,"CMPC.SN":-0.1510200883,"COLBUN.SN":0.9156846979,"CONCHATORO.SN":-0.5177614658,"COPEC.SN":0.3647752394,"ECL.SN":0.9075526034,"ENELAM.SN":0.6755597698,"ENELCHILE.SN":0.7945706653,"ENTEL.SN":0.4428215059,"FALABELLA.SN":1.0,"IAM.SN":0.4883760385,"ITAUCORP.SN":0.7861219897,"LTM.SN":-0.5450915245,"MALLPLAZA.SN":0.6467511386,"PARAUCO.SN":0.8410676602,"RIPLEY.SN":0.9409164028,"SECURITY.SN":0.8692840797,"SMU.SN":0.8320017853,"SONDA.SN":0.8888540279,"SQM-B.SN":0.2755178111,"VAPORES.SN":-0.5897087002,"Promedio":0.5481160503},{"index":"IAM.SN","AESANDES.SN":-0.0938323313,"AGUAS-A.SN":0.9000733243,"ANDINA-B.SN":0.4442256728,"BCI.SN":0.3788703009,"BSANTANDER.SN":0.0514842782,"CAP.SN":0.2168844862,"CCU.SN":0.6270471367,"CENCOSHOPP.SN":0.6933259712,"CENCOSUD.SN":0.3807902863,"CFMITNIPSA.SN":0.5102444666,"CHILE.SN":0.500449726,"CMPC.SN":0.6691032635,"COLBUN.SN":0.5343768862,"CONCHATORO.SN":-0.1160020585,"COPEC.SN":0.7764650225,"ECL.SN":0.2947941788,"ENELAM.SN":0.0867108134,"ENELCHILE.SN":0.0194095538,"ENTEL.SN":-0.1185907115,"FALABELLA.SN":0.4883760385,"IAM.SN":1.0,"ITAUCORP.SN":0.3745911858,"LTM.SN":0.0977281994,"MALLPLAZA.SN":0.7483948419,"PARAUCO.SN":0.7118194865,"RIPLEY.SN":0.4339912524,"SECURITY.SN":0.5249043243,"SMU.SN":0.2294398912,"SONDA.SN":0.5526802283,"SQM-B.SN":-0.3112986536,"VAPORES.SN":0.053285243,"Promedio":-0.0743520407},{"index":"ITAUCORP.SN","AESANDES.SN":-0.049326345,"AGUAS-A.SN":0.2999803652,"ANDINA-B.SN":0.7312611176,"BCI.SN":0.8974776238,"BSANTANDER.SN":0.7851874865,"CAP.SN":0.1450764751,"CCU.SN":0.3302469418,"CENCOSHOPP.SN":0.5380383199,"CENCOSUD.SN":0.783131127,"CFMITNIPSA.SN":0.8153597053,"CHILE.SN":0.7547880229,"CMPC.SN":-0.0844551777,"COLBUN.SN":0.780256386,"CONCHATORO.SN":-0.3854975276,"COPEC.SN":0.2214699372,"ECL.SN":0.8371827627,"ENELAM.SN":0.4629489026,"ENELCHILE.SN":0.7372525579,"ENTEL.SN":0.5882822273,"FALABELLA.SN":0.7861219897,"IAM.SN":0.3745911858,"ITAUCORP.SN":1.0,"LTM.SN":-0.577918151,"MALLPLAZA.SN":0.5312713303,"PARAUCO.SN":0.5662403193,"RIPLEY.SN":0.7652514763,"SECURITY.SN":0.7680834131,"SMU.SN":0.7560576609,"SONDA.SN":0.824605679,"SQM-B.SN":0.2779553431,"VAPORES.SN":-0.3181232512,"Promedio":0.5230279864},{"index":"LTM.SN","AESANDES.SN":0.2837690894,"AGUAS-A.SN":0.257710234,"ANDINA-B.SN":-0.4343504135,"BCI.SN":-0.7047657765,"BSANTANDER.SN":-0.6652417902,"CAP.SN":-0.2200798577,"CCU.SN":-0.0156091892,"CENCOSHOPP.SN":-0.1465378153,"CENCOSUD.SN":-0.7676312974,"CFMITNIPSA.SN":-0.5935629648,"CHILE.SN":-0.3883044607,"CMPC.SN":0.4075105024,"COLBUN.SN":-0.6043511215,"CONCHATORO.SN":0.6397042187,"COPEC.SN":0.1056814043,"ECL.SN":-0.7754857637,"ENELAM.SN":-0.7689371557,"ENELCHILE.SN":-0.8934708656,"ENTEL.SN":-0.5031727053,"FALABELLA.SN":-0.5450915245,"IAM.SN":0.0977281994,"ITAUCORP.SN":-0.577918151,"LTM.SN":1.0,"MALLPLAZA.SN":0.0381416571,"PARAUCO.SN":-0.3318828401,"RIPLEY.SN":-0.6093425837,"SECURITY.SN":-0.4877348317,"SMU.SN":-0.8107071974,"SONDA.SN":-0.5087717726,"SQM-B.SN":-0.6540225112,"VAPORES.SN":0.7161973486,"Promedio":-0.7471483277},{"index":"MALLPLAZA.SN","AESANDES.SN":0.3653991877,"AGUAS-A.SN":0.7006700248,"ANDINA-B.SN":0.7835693146,"BCI.SN":0.539718966,"BSANTANDER.SN":0.1724901391,"CAP.SN":-0.0125814756,"CCU.SN":0.2577620084,"CENCOSHOPP.SN":0.9435425488,"CENCOSUD.SN":0.4056330166,"CFMITNIPSA.SN":0.6443049064,"CHILE.SN":0.3674902034,"CMPC.SN":0.37939634,"COLBUN.SN":0.6777315594,"CONCHATORO.SN":-0.2688677986,"COPEC.SN":0.6941041992,"ECL.SN":0.4948209103,"ENELAM.SN":0.0090695617,"ENELCHILE.SN":0.2087998231,"ENTEL.SN":0.1943075098,"FALABELLA.SN":0.6467511386,"IAM.SN":0.7483948419,"ITAUCORP.SN":0.5312713303,"LTM.SN":0.0381416571,"MALLPLAZA.SN":1.0,"PARAUCO.SN":0.814352626,"RIPLEY.SN":0.6747336329,"SECURITY.SN":0.6823297897,"SMU.SN":0.3518927555,"SONDA.SN":0.762784015,"SQM-B.SN":-0.3032060651,"VAPORES.SN":-0.1316741967,"Promedio":-0.0317625014},{"index":"PARAUCO.SN","AESANDES.SN":0.0289903086,"AGUAS-A.SN":0.5887253832,"ANDINA-B.SN":0.8459631925,"BCI.SN":0.7363158836,"BSANTANDER.SN":0.2586062678,"CAP.SN":0.3122397966,"CCU.SN":0.2446586882,"CENCOSHOPP.SN":0.8896436002,"CENCOSUD.SN":0.7286020447,"CFMITNIPSA.SN":0.8030704493,"CHILE.SN":0.4353375563,"CMPC.SN":0.1085391073,"COLBUN.SN":0.8238345683,"CONCHATORO.SN":-0.62617114,"COPEC.SN":0.5898519927,"ECL.SN":0.7141793427,"ENELAM.SN":0.4362635722,"ENELCHILE.SN":0.5362973985,"ENTEL.SN":0.082316029,"FALABELLA.SN":0.8410676602,"IAM.SN":0.7118194865,"ITAUCORP.SN":0.5662403193,"LTM.SN":-0.3318828401,"MALLPLAZA.SN":0.814352626,"PARAUCO.SN":1.0,"RIPLEY.SN":0.8254075401,"SECURITY.SN":0.7469159045,"SMU.SN":0.5625839997,"SONDA.SN":0.8435503953,"SQM-B.SN":0.1243945987,"VAPORES.SN":-0.5697748892,"Promedio":0.3853311853},{"index":"RIPLEY.SN","AESANDES.SN":0.1465654303,"AGUAS-A.SN":0.2553993061,"ANDINA-B.SN":0.9203986845,"BCI.SN":0.8992358695,"BSANTANDER.SN":0.55722987,"CAP.SN":0.1524562484,"CCU.SN":0.1976496888,"CENCOSHOPP.SN":0.74488058,"CENCOSUD.SN":0.8029979807,"CFMITNIPSA.SN":0.8322471365,"CHILE.SN":0.4832435078,"CMPC.SN":-0.158123492,"COLBUN.SN":0.9307999762,"CONCHATORO.SN":-0.6086273685,"COPEC.SN":0.3147740488,"ECL.SN":0.9274959258,"ENELAM.SN":0.57754974,"ENELCHILE.SN":0.8081741832,"ENTEL.SN":0.5579528731,"FALABELLA.SN":0.9409164028,"IAM.SN":0.4339912524,"ITAUCORP.SN":0.7652514763,"LTM.SN":-0.6093425837,"MALLPLAZA.SN":0.6747336329,"PARAUCO.SN":0.8254075401,"RIPLEY.SN":1.0,"SECURITY.SN":0.8781707651,"SMU.SN":0.8675183337,"SONDA.SN":0.9185915164,"SQM-B.SN":0.1978470138,"VAPORES.SN":-0.629377973,"Promedio":0.4676605242},{"index":"SECURITY.SN","AESANDES.SN":0.0623010469,"AGUAS-A.SN":0.3636554761,"ANDINA-B.SN":0.8575602847,"BCI.SN":0.837145251,"BSANTANDER.SN":0.5179304438,"CAP.SN":0.0250570307,"CCU.SN":0.3982589569,"CENCOSHOPP.SN":0.7284789178,"CENCOSUD.SN":0.6773814358,"CFMITNIPSA.SN":0.7891272677,"CHILE.SN":0.6018001672,"CMPC.SN":0.0600875282,"COLBUN.SN":0.8682702693,"CONCHATORO.SN":-0.3517795038,"COPEC.SN":0.5131555505,"ECL.SN":0.8152373246,"ENELAM.SN":0.5436484082,"ENELCHILE.SN":0.6531636195,"ENTEL.SN":0.5510004254,"FALABELLA.SN":0.8692840797,"IAM.SN":0.5249043243,"ITAUCORP.SN":0.7680834131,"LTM.SN":-0.4877348317,"MALLPLAZA.SN":0.6823297897,"PARAUCO.SN":0.7469159045,"RIPLEY.SN":0.8781707651,"SECURITY.SN":1.0,"SMU.SN":0.8231560416,"SONDA.SN":0.8243515338,"SQM-B.SN":-0.0143175886,"VAPORES.SN":-0.4034836773,"Promedio":0.2765019556},{"index":"SMU.SN","AESANDES.SN":-0.1283642963,"AGUAS-A.SN":0.048119911,"ANDINA-B.SN":0.7172477869,"BCI.SN":0.8707554723,"BSANTANDER.SN":0.7599714538,"CAP.SN":0.0809048985,"CCU.SN":0.2660302267,"CENCOSHOPP.SN":0.4484961796,"CENCOSUD.SN":0.7720825186,"CFMITNIPSA.SN":0.7505844269,"CHILE.SN":0.5927903449,"CMPC.SN":-0.1989159241,"COLBUN.SN":0.8598399228,"CONCHATORO.SN":-0.4560341057,"COPEC.SN":0.1723862228,"ECL.SN":0.9292711629,"ENELAM.SN":0.7528250495,"ENELCHILE.SN":0.8835237316,"ENTEL.SN":0.6822843359,"FALABELLA.SN":0.8320017853,"IAM.SN":0.2294398912,"ITAUCORP.SN":0.7560576609,"LTM.SN":-0.8107071974,"MALLPLAZA.SN":0.3518927555,"PARAUCO.SN":0.5625839997,"RIPLEY.SN":0.8675183337,"SECURITY.SN":0.8231560416,"SMU.SN":1.0,"SONDA.SN":0.7601141758,"SQM-B.SN":0.3270196387,"VAPORES.SN":-0.5484363738,"Promedio":0.5464223646},{"index":"SONDA.SN","AESANDES.SN":0.0990032683,"AGUAS-A.SN":0.4237296773,"ANDINA-B.SN":0.8877161223,"BCI.SN":0.8875533733,"BSANTANDER.SN":0.6317856076,"CAP.SN":0.1437394349,"CCU.SN":0.2488821577,"CENCOSHOPP.SN":0.8119032922,"CENCOSUD.SN":0.8172928741,"CFMITNIPSA.SN":0.8349385932,"CHILE.SN":0.5800814732,"CMPC.SN":-0.0089424099,"COLBUN.SN":0.9152351438,"CONCHATORO.SN":-0.5368976782,"COPEC.SN":0.3927699905,"ECL.SN":0.8656030453,"ENELAM.SN":0.4328438575,"ENELCHILE.SN":0.7145372677,"ENTEL.SN":0.4161096209,"FALABELLA.SN":0.8888540279,"IAM.SN":0.5526802283,"ITAUCORP.SN":0.824605679,"LTM.SN":-0.5087717726,"MALLPLAZA.SN":0.762784015,"PARAUCO.SN":0.8435503953,"RIPLEY.SN":0.9185915164,"SECURITY.SN":0.8243515338,"SMU.SN":0.7601141758,"SONDA.SN":1.0,"SQM-B.SN":0.1318078216,"VAPORES.SN":-0.4675042428,"Promedio":0.4140284812},{"index":"SQM-B.SN","AESANDES.SN":-0.4428120876,"AGUAS-A.SN":-0.3485665762,"ANDINA-B.SN":0.1416313783,"BCI.SN":0.404971409,"BSANTANDER.SN":0.4727190742,"CAP.SN":0.5523535957,"CCU.SN":-0.1201041492,"CENCOSHOPP.SN":-0.1802624929,"CENCOSUD.SN":0.5505132516,"CFMITNIPSA.SN":0.4182791261,"CHILE.SN":0.2524894607,"CMPC.SN":-0.586804065,"COLBUN.SN":0.2057669176,"CONCHATORO.SN":-0.5567486628,"COPEC.SN":-0.4258288014,"ECL.SN":0.4321400077,"ENELAM.SN":0.6209406113,"ENELCHILE.SN":0.6398237097,"ENTEL.SN":0.0372745946,"FALABELLA.SN":0.2755178111,"IAM.SN":-0.3112986536,"ITAUCORP.SN":0.2779553431,"LTM.SN":-0.6540225112,"MALLPLAZA.SN":-0.3032060651,"PARAUCO.SN":0.1243945987,"RIPLEY.SN":0.1978470138,"SECURITY.SN":-0.0143175886,"SMU.SN":0.3270196387,"SONDA.SN":0.1318078216,"SQM-B.SN":1.0,"VAPORES.SN":-0.6166947391,"Promedio":0.9484023963},{"index":"VAPORES.SN","AESANDES.SN":0.0616495123,"AGUAS-A.SN":0.2354540802,"ANDINA-B.SN":-0.5855265678,"BCI.SN":-0.5955725377,"BSANTANDER.SN":-0.2431980857,"CAP.SN":-0.4135936276,"CCU.SN":0.2717574157,"CENCOSHOPP.SN":-0.3320260267,"CENCOSUD.SN":-0.7118111555,"CFMITNIPSA.SN":-0.533416229,"CHILE.SN":-0.0449255137,"CMPC.SN":0.5978572161,"COLBUN.SN":-0.5112153433,"CONCHATORO.SN":0.8795048007,"COPEC.SN":0.0807175534,"ECL.SN":-0.674004157,"ENELAM.SN":-0.6506203221,"ENELCHILE.SN":-0.764645683,"ENTEL.SN":-0.2146247457,"FALABELLA.SN":-0.5897087002,"IAM.SN":0.053285243,"ITAUCORP.SN":-0.3181232512,"LTM.SN":0.7161973486,"MALLPLAZA.SN":-0.1316741967,"PARAUCO.SN":-0.5697748892,"RIPLEY.SN":-0.629377973,"SECURITY.SN":-0.4034836773,"SMU.SN":-0.5484363738,"SONDA.SN":-0.4675042428,"SQM-B.SN":-0.6166947391,"VAPORES.SN":1.0,"Promedio":-0.7004043703},{"index":"Promedio","AESANDES.SN":-0.4110730923,"AGUAS-A.SN":-0.1642438873,"ANDINA-B.SN":0.4144442783,"BCI.SN":0.6639286186,"BSANTANDER.SN":0.6193802697,"CAP.SN":0.5943406586,"CCU.SN":0.0361792137,"CENCOSHOPP.SN":0.0832468623,"CENCOSUD.SN":0.7631441533,"CFMITNIPSA.SN":0.6670333508,"CHILE.SN":0.4609143035,"CMPC.SN":-0.5008375254,"COLBUN.SN":0.4713054376,"CONCHATORO.SN":-0.6456451136,"COPEC.SN":-0.2254234698,"ECL.SN":0.6644687175,"ENELAM.SN":0.7451689335,"ENELCHILE.SN":0.8049239065,"ENTEL.SN":0.1712276029,"FALABELLA.SN":0.5481160503,"IAM.SN":-0.0743520407,"ITAUCORP.SN":0.5230279864,"LTM.SN":-0.7471483277,"MALLPLAZA.SN":-0.0317625014,"PARAUCO.SN":0.3853311853,"RIPLEY.SN":0.4676605242,"SECURITY.SN":0.2765019556,"SMU.SN":0.5464223646,"SONDA.SN":0.4140284812,"SQM-B.SN":0.9484023963,"VAPORES.SN":-0.7004043703,"Promedio":1.0}]}