{"schema":{"fields":[{"name":"index","type":"string"},{"name":"AESANDES.SN","type":"number"},{"name":"AGUAS-A.SN","type":"number"},{"name":"ANDINA-B.SN","type":"number"},{"name":"BCI.SN","type":"number"},{"name":"BSANTANDER.SN","type":"number"},{"name":"CAP.SN","type":"number"},{"name":"CCU.SN","type":"number"},{"name":"CENCOSHOPP.SN","type":"number"},{"name":"CENCOSUD.SN","type":"number"},{"name":"CFMITNIPSA.SN","type":"number"},{"name":"CHILE.SN","type":"number"},{"name":"CMPC.SN","type":"number"},{"name":"COLBUN.SN","type":"number"},{"name":"CONCHATORO.SN","type":"number"},{"name":"COPEC.SN","type":"number"},{"name":"ECL.SN","type":"number"},{"name":"ENELAM.SN","type":"number"},{"name":"ENELCHILE.SN","type":"number"},{"name":"ENTEL.SN","type":"number"},{"name":"FALABELLA.SN","type":"number"},{"name":"IAM.SN","type":"number"},{"name":"ITAUCORP.SN","type":"number"},{"name":"LTM.SN","type":"number"},{"name":"MALLPLAZA.SN","type":"number"},{"name":"PARAUCO.SN","type":"number"},{"name":"RIPLEY.SN","type":"number"},{"name":"SECURITY.SN","type":"number"},{"name":"SMU.SN","type":"number"},{"name":"SONDA.SN","type":"number"},{"name":"SQM-B.SN","type":"number"},{"name":"VAPORES.SN","type":"number"},{"name":"Promedio","type":"number"}],"primaryKey":["index"],"pandas_version":"0.20.0"},"data":[{"index":"AESANDES.SN","AESANDES.SN":1.0,"AGUAS-A.SN":-0.8385198463,"ANDINA-B.SN":0.2932671115,"BCI.SN":0.7193640846,"BSANTANDER.SN":-0.3819091551,"CAP.SN":0.470033618,"CCU.SN":0.1137896607,"CENCOSHOPP.SN":-0.4905394834,"CENCOSUD.SN":-0.3014519169,"CFMITNIPSA.SN":0.5572849413,"CHILE.SN":0.397524904,"CMPC.SN":-0.0329068895,"COLBUN.SN":-0.9177354445,"CONCHATORO.SN":0.6395455484,"COPEC.SN":-0.6047003533,"ECL.SN":-0.8117454438,"ENELAM.SN":0.7106842869,"ENELCHILE.SN":0.7401084904,"ENTEL.SN":0.948462336,"FALABELLA.SN":-0.1462689705,"IAM.SN":-0.7536712138,"ITAUCORP.SN":-0.1775671657,"LTM.SN":0.190475618,"MALLPLAZA.SN":-0.9036897446,"PARAUCO.SN":-0.6899190483,"RIPLEY.SN":-0.4547786098,"SECURITY.SN":0.4777824708,"SMU.SN":-0.516894083,"SONDA.SN":-0.8071040694,"SQM-B.SN":0.5432623826,"VAPORES.SN":-0.3664861139,"Promedio":0.6237192932},{"index":"AGUAS-A.SN","AESANDES.SN":-0.8385198463,"AGUAS-A.SN":1.0,"ANDINA-B.SN":-0.4323287233,"BCI.SN":-0.9134357433,"BSANTANDER.SN":-0.0949498948,"CAP.SN":-0.7706476259,"CCU.SN":-0.5082467988,"CENCOSHOPP.SN":0.799776146,"CENCOSUD.SN":-0.1145522028,"CFMITNIPSA.SN":-0.4349266566,"CHILE.SN":-0.7316375222,"CMPC.SN":-0.4881441031,"COLBUN.SN":0.6255975303,"CONCHATORO.SN":-0.5466743828,"COPEC.SN":0.4956545103,"ECL.SN":0.4890215085,"ENELAM.SN":-0.6624296702,"ENELCHILE.SN":-0.6986798756,"ENTEL.SN":-0.9469500156,"FALABELLA.SN":-0.1882488423,"IAM.SN":0.297443548,"ITAUCORP.SN":-0.2264954991,"LTM.SN":0.2709906738,"MALLPLAZA.SN":0.5773940279,"PARAUCO.SN":0.953162903,"RIPLEY.SN":0.0587507721,"SECURITY.SN":-0.6942698258,"SMU.SN":0.0057579802,"SONDA.SN":0.4720390434,"SQM-B.SN":-0.2754333092,"VAPORES.SN":0.1421440469,"Promedio":-0.4440326238},{"index":"ANDINA-B.SN","AESANDES.SN":0.2932671115,"AGUAS-A.SN":-0.4323287233,"ANDINA-B.SN":1.0,"BCI.SN":0.0506237298,"BSANTANDER.SN":-0.3005842287,"CAP.SN":-0.088937926,"CCU.SN":-0.2784208081,"CENCOSHOPP.SN":0.0132123704,"CENCOSUD.SN":-0.458161513,"CFMITNIPSA.SN":-0.5685316487,"CHILE.SN":-0.0881725399,"CMPC.SN":0.0457014881,"COLBUN.SN":-0.0808283955,"CONCHATORO.SN":-0.1974405727,"COPEC.SN":0.403160732,"ECL.SN":-0.0487972415,"ENELAM.SN":-0.188946507,"ENELCHILE.SN":-0.281679816,"ENTEL.SN":0.3620108931,"FALABELLA.SN":-0.4442616167,"IAM.SN":-0.2160209459,"ITAUCORP.SN":-0.4196385319,"LTM.SN":-0.5724182586,"MALLPLAZA.SN":0.0803584996,"PARAUCO.SN":-0.5739121517,"RIPLEY.SN":-0.5217911015,"SECURITY.SN":0.8793844086,"SMU.SN":0.1371729149,"SONDA.SN":-0.5120611797,"SQM-B.SN":-0.3568674483,"VAPORES.SN":-0.7374157025,"Promedio":-0.3396980837},{"index":"BCI.SN","AESANDES.SN":0.7193640846,"AGUAS-A.SN":-0.9134357433,"ANDINA-B.SN":0.0506237298,"BCI.SN":1.0,"BSANTANDER.SN":0.3605000091,"CAP.SN":0.9365283807,"CCU.SN":0.7672114716,"CENCOSHOPP.SN":-0.9356792504,"CENCOSUD.SN":0.4341600893,"CFMITNIPSA.SN":0.6860247686,"CHILE.SN":0.9030989025,"CMPC.SN":0.6339932044,"COLBUN.SN":-0.5511716028,"CONCHATORO.SN":0.6402846773,"COPEC.SN":-0.6824151448,"ECL.SN":-0.4106566309,"ENELAM.SN":0.772461214,"ENELCHILE.SN":0.8561927986,"ENTEL.SN":0.8445902628,"FALABELLA.SN":0.481821794,"IAM.SN":-0.1016090851,"ITAUCORP.SN":0.5349416685,"LTM.SN":-0.1501613564,"MALLPLAZA.SN":-0.5644085464,"PARAUCO.SN":-0.8256901987,"RIPLEY.SN":0.2738450468,"SECURITY.SN":0.4057730385,"SMU.SN":0.0632806202,"SONDA.SN":-0.186240642,"SQM-B.SN":0.3873251503,"VAPORES.SN":0.2384400052,"Promedio":0.5814808889},{"index":"BSANTANDER.SN","AESANDES.SN":-0.3819091551,"AGUAS-A.SN":-0.0949498948,"ANDINA-B.SN":-0.3005842287,"BCI.SN":0.3605000091,"BSANTANDER.SN":1.0,"CAP.SN":0.5826073327,"CCU.SN":0.8469753083,"CENCOSHOPP.SN":-0.5503679368,"CENCOSUD.SN":0.9604820503,"CFMITNIPSA.SN":0.1750327605,"CHILE.SN":0.6304857045,"CMPC.SN":0.8692558475,"COLBUN.SN":0.5357673555,"CONCHATORO.SN":-0.0987057865,"COPEC.SN":-0.1432587374,"ECL.SN":0.6045442157,"ENELAM.SN":-0.0002229942,"ENELCHILE.SN":0.1019410741,"ENTEL.SN":-0.1652169268,"FALABELLA.SN":0.7623742779,"IAM.SN":0.8644624751,"ITAUCORP.SN":0.9603004289,"LTM.SN":-0.4133259245,"MALLPLAZA.SN":0.4776595613,"PARAUCO.SN":-0.1598489213,"RIPLEY.SN":0.96743523,"SECURITY.SN":-0.0408293126,"SMU.SN":0.7356127204,"SONDA.SN":0.8296273728,"SQM-B.SN":-0.1430991141,"VAPORES.SN":0.8291549075,"Promedio":-0.0028945485},{"index":"CAP.SN","AESANDES.SN":0.470033618,"AGUAS-A.SN":-0.7706476259,"ANDINA-B.SN":-0.088937926,"BCI.SN":0.9365283807,"BSANTANDER.SN":0.5826073327,"CAP.SN":1.0,"CCU.SN":0.9200966858,"CENCOSHOPP.SN":-0.996224694,"CENCOSUD.SN":0.6817688649,"CFMITNIPSA.SN":0.5941341874,"CHILE.SN":0.9957578945,"CMPC.SN":0.8147941187,"COLBUN.SN":-0.3552908211,"CONCHATORO.SN":0.6548539989,"COPEC.SN":-0.51839749,"ECL.SN":-0.261244169,"ENELAM.SN":0.7613641993,"ENELCHILE.SN":0.8075308808,"ENTEL.SN":0.6718856114,"FALABELLA.SN":0.7539913434,"IAM.SN":0.1977759933,"ITAUCORP.SN":0.7085982034,"LTM.SN":-0.3246335861,"MALLPLAZA.SN":-0.3450426384,"PARAUCO.SN":-0.7502235108,"RIPLEY.SN":0.5269080831,"SECURITY.SN":0.2190495053,"SMU.SN":0.3489775405,"SONDA.SN":0.105750011,"SQM-B.SN":0.1486847736,"VAPORES.SN":0.4071982295,"Promedio":0.3679631699},{"index":"CCU.SN","AESANDES.SN":0.1137896607,"AGUAS-A.SN":-0.5082467988,"ANDINA-B.SN":-0.2784208081,"BCI.SN":0.7672114716,"BSANTANDER.SN":0.8469753083,"CAP.SN":0.9200966858,"CCU.SN":1.0,"CENCOSHOPP.SN":-0.8970724269,"CENCOSUD.SN":0.9096594714,"CFMITNIPSA.SN":0.5143654449,"CHILE.SN":0.9386000439,"CMPC.SN":0.9127371062,"COLBUN.SN":0.0084598151,"CONCHATORO.SN":0.4069387817,"COPEC.SN":-0.4345615701,"ECL.SN":0.0962013943,"ENELAM.SN":0.5182683035,"ENELCHILE.SN":0.5998539146,"ENTEL.SN":0.336307186,"FALABELLA.SN":0.8713296306,"IAM.SN":0.5292976271,"ITAUCORP.SN":0.9220847878,"LTM.SN":-0.3470543779,"MALLPLAZA.SN":-0.0232090255,"PARAUCO.SN":-0.5121597981,"RIPLEY.SN":0.8161498383,"SECURITY.SN":0.045983397,"SMU.SN":0.542545103,"SONDA.SN":0.4790546924,"SQM-B.SN":0.0613594556,"VAPORES.SN":0.6941573896,"Promedio":0.2655853086},{"index":"CENCOSHOPP.SN","AESANDES.SN":-0.4905394834,"AGUAS-A.SN":0.799776146,"ANDINA-B.SN":0.0132123704,"BCI.SN":-0.9356792504,"BSANTANDER.SN":-0.5503679368,"CAP.SN":-0.996224694,"CCU.SN":-0.8970724269,"CENCOSHOPP.SN":1.0,"CENCOSUD.SN":-0.6455124834,"CFMITNIPSA.SN":-0.5391927065,"CHILE.SN":-0.9936849874,"CMPC.SN":-0.8186316716,"COLBUN.SN":0.3723466033,"CONCHATORO.SN":-0.6645409238,"COPEC.SN":0.4656528575,"ECL.SN":0.2842735953,"ENELAM.SN":-0.7649871878,"ENELCHILE.SN":-0.7930310772,"ENTEL.SN":-0.7029366876,"FALABELLA.SN":-0.7361514418,"IAM.SN":-0.1817840668,"ITAUCORP.SN":-0.6647874506,"LTM.SN":0.3838517563,"MALLPLAZA.SN":0.3415225238,"PARAUCO.SN":0.7971470522,"RIPLEY.SN":-0.4815996894,"SECURITY.SN":-0.2709241375,"SMU.SN":-0.3715845758,"SONDA.SN":-0.0637047099,"SQM-B.SN":-0.0946133284,"VAPORES.SN":-0.3357609756,"Promedio":-0.317103537},{"index":"CENCOSUD.SN","AESANDES.SN":-0.3014519169,"AGUAS-A.SN":-0.1145522028,"ANDINA-B.SN":-0.458161513,"BCI.SN":0.4341600893,"BSANTANDER.SN":0.9604820503,"CAP.SN":0.6817688649,"CCU.SN":0.9096594714,"CENCOSHOPP.SN":-0.6455124834,"CENCOSUD.SN":1.0,"CFMITNIPSA.SN":0.3173107645,"CHILE.SN":0.7261830308,"CMPC.SN":0.8556810908,"COLBUN.SN":0.3677293594,"CONCHATORO.SN":0.1453720074,"COPEC.SN":-0.212951401,"ECL.SN":0.4077994678,"ENELAM.SN":0.2223240908,"ENELCHILE.SN":0.2974685059,"ENTEL.SN":-0.0824752503,"FALABELLA.SN":0.9000450714,"IAM.SN":0.7978692781,"ITAUCORP.SN":0.9632277725,"LTM.SN":-0.3410160862,"MALLPLAZA.SN":0.3169329566,"PARAUCO.SN":-0.1608814174,"RIPLEY.SN":0.9782713719,"SECURITY.SN":-0.213565206,"SMU.SN":0.6861037926,"SONDA.SN":0.7984372457,"SQM-B.SN":-0.1129815199,"VAPORES.SN":0.8524747934,"Promedio":0.0439337804},{"index":"CFMITNIPSA.SN","AESANDES.SN":0.5572849413,"AGUAS-A.SN":-0.4349266566,"ANDINA-B.SN":-0.5685316487,"BCI.SN":0.6860247686,"BSANTANDER.SN":0.1750327605,"CAP.SN":0.5941341874,"CCU.SN":0.5143654449,"CENCOSHOPP.SN":-0.5391927065,"CENCOSUD.SN":0.3173107645,"CFMITNIPSA.SN":1.0,"CHILE.SN":0.535083588,"CMPC.SN":0.140031899,"COLBUN.SN":-0.5526961713,"CONCHATORO.SN":0.563175727,"COPEC.SN":-0.9558820423,"ECL.SN":-0.4315610079,"ENELAM.SN":0.6713567125,"ENELCHILE.SN":0.8403016685,"ENTEL.SN":0.4882686326,"FALABELLA.SN":0.3152862543,"IAM.SN":-0.2841160437,"ITAUCORP.SN":0.4421040307,"LTM.SN":0.5674371945,"MALLPLAZA.SN":-0.7129407149,"PARAUCO.SN":-0.1843850773,"RIPLEY.SN":0.2540234532,"SECURITY.SN":-0.1920506403,"SMU.SN":-0.4293076448,"SONDA.SN":-0.0998059721,"SQM-B.SN":0.8228955277,"VAPORES.SN":0.5033326294,"Promedio":0.9034733471},{"index":"CHILE.SN","AESANDES.SN":0.397524904,"AGUAS-A.SN":-0.7316375222,"ANDINA-B.SN":-0.0881725399,"BCI.SN":0.9030989025,"BSANTANDER.SN":0.6304857045,"CAP.SN":0.9957578945,"CCU.SN":0.9386000439,"CENCOSHOPP.SN":-0.9936849874,"CENCOSUD.SN":0.7261830308,"CFMITNIPSA.SN":0.535083588,"CHILE.SN":1.0,"CMPC.SN":0.8566156358,"COLBUN.SN":-0.2879706939,"CONCHATORO.SN":0.6299090109,"COPEC.SN":-0.4492435591,"ECL.SN":-0.2056409866,"ENELAM.SN":0.7292621435,"ENELCHILE.SN":0.7630809041,"ENTEL.SN":0.6200501436,"FALABELLA.SN":0.7989964739,"IAM.SN":0.2767043949,"ITAUCORP.SN":0.7351431366,"LTM.SN":-0.3903704107,"MALLPLAZA.SN":-0.2669261493,"PARAUCO.SN":-0.7356787409,"RIPLEY.SN":0.574764327,"SECURITY.SN":0.1996782735,"SMU.SN":0.4314370234,"SONDA.SN":0.1730380172,"SQM-B.SN":0.0672916238,"VAPORES.SN":0.425897455,"Promedio":0.2901662432},{"index":"CMPC.SN","AESANDES.SN":-0.0329068895,"AGUAS-A.SN":-0.4881441031,"ANDINA-B.SN":0.0457014881,"BCI.SN":0.6339932044,"BSANTANDER.SN":0.8692558475,"CAP.SN":0.8147941187,"CCU.SN":0.9127371062,"CENCOSHOPP.SN":-0.8186316716,"CENCOSUD.SN":0.8556810908,"CFMITNIPSA.SN":0.140031899,"CHILE.SN":0.8566156358,"CMPC.SN":1.0,"COLBUN.SN":0.2163945228,"CONCHATORO.SN":0.1996120016,"COPEC.SN":-0.1007561272,"ECL.SN":0.2849117417,"ENELAM.SN":0.2947343024,"ENELCHILE.SN":0.3221462327,"ENTEL.SN":0.2529611312,"FALABELLA.SN":0.7967694179,"IAM.SN":0.6803595365,"ITAUCORP.SN":0.8396139968,"LTM.SN":-0.6812053661,"MALLPLAZA.SN":0.2560776362,"PARAUCO.SN":-0.600906541,"RIPLEY.SN":0.767021172,"SECURITY.SN":0.2729281952,"SMU.SN":0.7913119047,"SONDA.SN":0.5125026363,"SQM-B.SN":-0.2650394061,"VAPORES.SN":0.5109992844,"Promedio":-0.060620989},{"index":"COLBUN.SN","AESANDES.SN":-0.9177354445,"AGUAS-A.SN":0.6255975303,"ANDINA-B.SN":-0.0808283955,"BCI.SN":-0.5511716028,"BSANTANDER.SN":0.5357673555,"CAP.SN":-0.3552908211,"CCU.SN":0.0084598151,"CENCOSHOPP.SN":0.3723466033,"CENCOSUD.SN":0.3677293594,"CFMITNIPSA.SN":-0.5526961713,"CHILE.SN":-0.2879706939,"CMPC.SN":0.2163945228,"COLBUN.SN":1.0,"CONCHATORO.SN":-0.8039086797,"COPEC.SN":0.5012648211,"ECL.SN":0.9730560077,"ENELAM.SN":-0.8083911036,"ENELCHILE.SN":-0.7734262555,"ENTEL.SN":-0.8399182846,"FALABELLA.SN":0.0864578813,"IAM.SN":0.8154921932,"ITAUCORP.SN":0.3239401263,"LTM.SN":-0.3112750005,"MALLPLAZA.SN":0.9669393215,"PARAUCO.SN":0.480792011,"RIPLEY.SN":0.5194467712,"SECURITY.SN":-0.1430126726,"SMU.SN":0.5902538795,"SONDA.SN":0.8045894429,"SQM-B.SN":-0.4629545351,"VAPORES.SN":0.4127176166,"Promedio":-0.5155906727},{"index":"CONCHATORO.SN","AESANDES.SN":0.6395455484,"AGUAS-A.SN":-0.5466743828,"ANDINA-B.SN":-0.1974405727,"BCI.SN":0.6402846773,"BSANTANDER.SN":-0.0987057865,"CAP.SN":0.6548539989,"CCU.SN":0.4069387817,"CENCOSHOPP.SN":-0.6645409238,"CENCOSUD.SN":0.1453720074,"CFMITNIPSA.SN":0.563175727,"CHILE.SN":0.6299090109,"CMPC.SN":0.1996120016,"COLBUN.SN":-0.8039086797,"CONCHATORO.SN":1.0,"COPEC.SN":-0.3710561604,"ECL.SN":-0.8364546224,"ENELAM.SN":0.9804992917,"ENELCHILE.SN":0.8934644218,"ENTEL.SN":0.7127679812,"FALABELLA.SN":0.4971755067,"IAM.SN":-0.3393792667,"ITAUCORP.SN":0.0743535893,"LTM.SN":0.0161252225,"MALLPLAZA.SN":-0.7351777111,"PARAUCO.SN":-0.4927927451,"RIPLEY.SN":-0.0311046914,"SECURITY.SN":-0.1512116216,"SMU.SN":-0.1103635397,"SONDA.SN":-0.3432032476,"SQM-B.SN":0.1441944073,"VAPORES.SN":-0.0661528641,"Promedio":0.2776091513},{"index":"COPEC.SN","AESANDES.SN":-0.6047003533,"AGUAS-A.SN":0.4956545103,"ANDINA-B.SN":0.403160732,"BCI.SN":-0.6824151448,"BSANTANDER.SN":-0.1432587374,"CAP.SN":-0.51839749,"CCU.SN":-0.4345615701,"CENCOSHOPP.SN":0.4656528575,"CENCOSUD.SN":-0.212951401,"CFMITNIPSA.SN":-0.9558820423,"CHILE.SN":-0.4492435591,"CMPC.SN":-0.1007561272,"COLBUN.SN":0.5012648211,"CONCHATORO.SN":-0.3710561604,"COPEC.SN":1.0,"ECL.SN":0.3314555931,"ENELAM.SN":-0.5135283526,"ENELCHILE.SN":-0.7280542977,"ENTEL.SN":-0.5048384677,"FALABELLA.SN":-0.1150189676,"IAM.SN":0.3435662077,"ITAUCORP.SN":-0.4029134795,"LTM.SN":-0.5877875785,"MALLPLAZA.SN":0.6834714747,"PARAUCO.SN":0.2261321804,"RIPLEY.SN":-0.1690194496,"SECURITY.SN":-0.0234305187,"SMU.SN":0.5039667051,"SONDA.SN":0.1809875016,"SQM-B.SN":-0.9199338743,"VAPORES.SN":-0.4474783305,"Promedio":-0.9821610417},{"index":"ECL.SN","AESANDES.SN":-0.8117454438,"AGUAS-A.SN":0.4890215085,"ANDINA-B.SN":-0.0487972415,"BCI.SN":-0.4106566309,"BSANTANDER.SN":0.6045442157,"CAP.SN":-0.261244169,"CCU.SN":0.0962013943,"CENCOSHOPP.SN":0.2842735953,"CENCOSUD.SN":0.4077994678,"CFMITNIPSA.SN":-0.4315610079,"CHILE.SN":-0.2056409866,"CMPC.SN":0.2849117417,"COLBUN.SN":0.9730560077,"CONCHATORO.SN":-0.8364546224,"COPEC.SN":0.3314555931,"ECL.SN":1.0,"ENELAM.SN":-0.7962779686,"ENELCHILE.SN":-0.7057848931,"ENTEL.SN":-0.7424262524,"FALABELLA.SN":0.0589237572,"IAM.SN":0.7880163183,"ITAUCORP.SN":0.4228927012,"LTM.SN":-0.2695041883,"MALLPLAZA.SN":0.9061399701,"PARAUCO.SN":0.3832017848,"RIPLEY.SN":0.5568156126,"SECURITY.SN":-0.0086266349,"SMU.SN":0.5406407994,"SONDA.SN":0.7761679265,"SQM-B.SN":-0.3043475754,"VAPORES.SN":0.4849051346,"Promedio":-0.3425222468},{"index":"ENELAM.SN","AESANDES.SN":0.7106842869,"AGUAS-A.SN":-0.6624296702,"ANDINA-B.SN":-0.188946507,"BCI.SN":0.772461214,"BSANTANDER.SN":-0.0002229942,"CAP.SN":0.7613641993,"CCU.SN":0.5182683035,"CENCOSHOPP.SN":-0.7649871878,"CENCOSUD.SN":0.2223240908,"CFMITNIPSA.SN":0.6713567125,"CHILE.SN":0.7292621435,"CMPC.SN":0.2947343024,"COLBUN.SN":-0.8083911036,"CONCHATORO.SN":0.9804992917,"COPEC.SN":-0.5135283526,"ECL.SN":-0.7962779686,"ENELAM.SN":1.0,"ENELCHILE.SN":0.9599466958,"ENTEL.SN":0.7879600963,"FALABELLA.SN":0.5161074225,"IAM.SN":-0.3243746138,"ITAUCORP.SN":0.1962825805,"LTM.SN":0.0300872089,"MALLPLAZA.SN":-0.7680130026,"PARAUCO.SN":-0.5806180755,"RIPLEY.SN":0.0423061313,"SECURITY.SN":-0.0507599159,"SMU.SN":-0.1163341138,"SONDA.SN":-0.3304012464,"SQM-B.SN":0.2624831496,"VAPORES.SN":0.0277191702,"Promedio":0.4149150958},{"index":"ENELCHILE.SN","AESANDES.SN":0.7401084904,"AGUAS-A.SN":-0.6986798756,"ANDINA-B.SN":-0.281679816,"BCI.SN":0.8561927986,"BSANTANDER.SN":0.1019410741,"CAP.SN":0.8075308808,"CCU.SN":0.5998539146,"CENCOSHOPP.SN":-0.7930310772,"CENCOSUD.SN":0.2974685059,"CFMITNIPSA.SN":0.8403016685,"CHILE.SN":0.7630809041,"CMPC.SN":0.3221462327,"COLBUN.SN":-0.7734262555,"CONCHATORO.SN":0.8934644218,"COPEC.SN":-0.7280542977,"ECL.SN":-0.7057848931,"ENELAM.SN":0.9599466958,"ENELCHILE.SN":1.0,"ENTEL.SN":0.7851378445,"FALABELLA.SN":0.4903231337,"IAM.SN":-0.3176469442,"ITAUCORP.SN":0.3366784848,"LTM.SN":0.1744490484,"MALLPLAZA.SN":-0.7993684645,"PARAUCO.SN":-0.5546954016,"RIPLEY.SN":0.1388559214,"SECURITY.SN":-0.0229483362,"SMU.SN":-0.2038626907,"SONDA.SN":-0.2780242603,"SQM-B.SN":0.4847037442,"VAPORES.SN":0.2027378778,"Promedio":0.6353197189},{"index":"ENTEL.SN","AESANDES.SN":0.948462336,"AGUAS-A.SN":-0.9469500156,"ANDINA-B.SN":0.3620108931,"BCI.SN":0.8445902628,"BSANTANDER.SN":-0.1652169268,"CAP.SN":0.6718856114,"CCU.SN":0.336307186,"CENCOSHOPP.SN":-0.7029366876,"CENCOSUD.SN":-0.0824752503,"CFMITNIPSA.SN":0.4882686326,"CHILE.SN":0.6200501436,"CMPC.SN":0.2529611312,"COLBUN.SN":-0.8399182846,"CONCHATORO.SN":0.7127679812,"COPEC.SN":-0.5048384677,"ECL.SN":-0.7424262524,"ENELAM.SN":0.7879600963,"ENELCHILE.SN":0.7851378445,"ENTEL.SN":1.0,"FALABELLA.SN":0.0971814793,"IAM.SN":-0.5338155521,"ITAUCORP.SN":0.0028311845,"LTM.SN":-0.0979788739,"MALLPLAZA.SN":-0.7801398871,"PARAUCO.SN":-0.8690068531,"RIPLEY.SN":-0.2681635891,"SECURITY.SN":0.5487109265,"SMU.SN":-0.2206149959,"SONDA.SN":-0.6629823268,"SQM-B.SN":0.3345153955,"VAPORES.SN":-0.3001458824,"Promedio":0.4740227837},{"index":"FALABELLA.SN","AESANDES.SN":-0.1462689705,"AGUAS-A.SN":-0.1882488423,"ANDINA-B.SN":-0.4442616167,"BCI.SN":0.481821794,"BSANTANDER.SN":0.7623742779,"CAP.SN":0.7539913434,"CCU.SN":0.8713296306,"CENCOSHOPP.SN":-0.7361514418,"CENCOSUD.SN":0.9000450714,"CFMITNIPSA.SN":0.3152862543,"CHILE.SN":0.7989964739,"CMPC.SN":0.7967694179,"COLBUN.SN":0.0864578813,"CONCHATORO.SN":0.4971755067,"COPEC.SN":-0.1150189676,"ECL.SN":0.0589237572,"ENELAM.SN":0.5161074225,"ENELCHILE.SN":0.4903231337,"ENTEL.SN":0.0971814793,"FALABELLA.SN":1.0,"IAM.SN":0.6357706562,"ITAUCORP.SN":0.7831270177,"LTM.SN":-0.4028264933,"MALLPLAZA.SN":0.1116541089,"PARAUCO.SN":-0.265255891,"RIPLEY.SN":0.8165741653,"SECURITY.SN":-0.3177658002,"SMU.SN":0.6632308905,"SONDA.SN":0.6113243903,"SQM-B.SN":-0.2506742545,"VAPORES.SN":0.6332215927,"Promedio":-0.072464428},{"index":"IAM.SN","AESANDES.SN":-0.7536712138,"AGUAS-A.SN":0.297443548,"ANDINA-B.SN":-0.2160209459,"BCI.SN":-0.1016090851,"BSANTANDER.SN":0.8644624751,"CAP.SN":0.1977759933,"CCU.SN":0.5292976271,"CENCOSHOPP.SN":-0.1817840668,"CENCOSUD.SN":0.7978692781,"CFMITNIPSA.SN":-0.2841160437,"CHILE.SN":0.2767043949,"CMPC.SN":0.6803595365,"COLBUN.SN":0.8154921932,"CONCHATORO.SN":-0.3393792667,"COPEC.SN":0.3435662077,"ECL.SN":0.7880163183,"ENELAM.SN":-0.3243746138,"ENELCHILE.SN":-0.3176469442,"ENTEL.SN":-0.5338155521,"FALABELLA.SN":0.6357706562,"IAM.SN":1.0,"ITAUCORP.SN":0.7028160695,"LTM.SN":-0.5569834912,"MALLPLAZA.SN":0.8208461631,"PARAUCO.SN":0.1249126695,"RIPLEY.SN":0.8551241245,"SECURITY.SN":-0.1867203836,"SMU.SN":0.8825532593,"SONDA.SN":0.9404352866,"SQM-B.SN":-0.5385827357,"VAPORES.SN":0.6360763148,"Promedio":-0.4639339528},{"index":"ITAUCORP.SN","AESANDES.SN":-0.1775671657,"AGUAS-A.SN":-0.2264954991,"ANDINA-B.SN":-0.4196385319,"BCI.SN":0.5349416685,"BSANTANDER.SN":0.9603004289,"CAP.SN":0.7085982034,"CCU.SN":0.9220847878,"CENCOSHOPP.SN":-0.6647874506,"CENCOSUD.SN":0.9632277725,"CFMITNIPSA.SN":0.4421040307,"CHILE.SN":0.7351431366,"CMPC.SN":0.8396139968,"COLBUN.SN":0.3239401263,"CONCHATORO.SN":0.0743535893,"COPEC.SN":-0.4029134795,"ECL.SN":0.4228927012,"ENELAM.SN":0.1962825805,"ENELCHILE.SN":0.3366784848,"ENTEL.SN":0.0028311845,"FALABELLA.SN":0.7831270177,"IAM.SN":0.7028160695,"ITAUCORP.SN":1.0,"LTM.SN":-0.2261929602,"MALLPLAZA.SN":0.2279290506,"PARAUCO.SN":-0.2158213976,"RIPLEY.SN":0.9488076794,"SECURITY.SN":-0.0742128727,"SMU.SN":0.5515237867,"SONDA.SN":0.7179179344,"SQM-B.SN":0.1015693011,"VAPORES.SN":0.8897376965,"Promedio":0.2546417094},{"index":"LTM.SN","AESANDES.SN":0.190475618,"AGUAS-A.SN":0.2709906738,"ANDINA-B.SN":-0.5724182586,"BCI.SN":-0.1501613564,"BSANTANDER.SN":-0.4133259245,"CAP.SN":-0.3246335861,"CCU.SN":-0.3470543779,"CENCOSHOPP.SN":0.3838517563,"CENCOSUD.SN":-0.3410160862,"CFMITNIPSA.SN":0.5674371945,"CHILE.SN":-0.3903704107,"CMPC.SN":-0.6812053661,"COLBUN.SN":-0.3112750005,"CONCHATORO.SN":0.0161252225,"COPEC.SN":-0.5877875785,"ECL.SN":-0.2695041883,"ENELAM.SN":0.0300872089,"ENELCHILE.SN":0.1744490484,"ENTEL.SN":-0.0979788739,"FALABELLA.SN":-0.4028264933,"IAM.SN":-0.5569834912,"ITAUCORP.SN":-0.2261929602,"LTM.SN":1.0,"MALLPLAZA.SN":-0.5049120559,"PARAUCO.SN":0.5438402801,"RIPLEY.SN":-0.261245331,"SECURITY.SN":-0.4540702982,"SMU.SN":-0.8719033093,"SONDA.SN":-0.2475581074,"SQM-B.SN":0.8099601367,"VAPORES.SN":0.152430534,"Promedio":0.6804906301},{"index":"MALLPLAZA.SN","AESANDES.SN":-0.9036897446,"AGUAS-A.SN":0.5773940279,"ANDINA-B.SN":0.0803584996,"BCI.SN":-0.5644085464,"BSANTANDER.SN":0.4776595613,"CAP.SN":-0.3450426384,"CCU.SN":-0.0232090255,"CENCOSHOPP.SN":0.3415225238,"CENCOSUD.SN":0.3169329566,"CFMITNIPSA.SN":-0.7129407149,"CHILE.SN":-0.2669261493,"CMPC.SN":0.2560776362,"COLBUN.SN":0.9669393215,"CONCHATORO.SN":-0.7351777111,"COPEC.SN":0.6834714747,"ECL.SN":0.9061399701,"ENELAM.SN":-0.7680130026,"ENELCHILE.SN":-0.7993684645,"ENTEL.SN":-0.7801398871,"FALABELLA.SN":0.1116541089,"IAM.SN":0.8208461631,"ITAUCORP.SN":0.2279290506,"LTM.SN":-0.5049120559,"MALLPLAZA.SN":1.0,"PARAUCO.SN":0.3692518239,"RIPLEY.SN":0.4400370178,"SECURITY.SN":-0.0675772525,"SMU.SN":0.7060794284,"SONDA.SN":0.7401618738,"SQM-B.SN":-0.6686733422,"VAPORES.SN":0.2424529228,"Promedio":-0.7057839138},{"index":"PARAUCO.SN","AESANDES.SN":-0.6899190483,"AGUAS-A.SN":0.953162903,"ANDINA-B.SN":-0.5739121517,"BCI.SN":-0.8256901987,"BSANTANDER.SN":-0.1598489213,"CAP.SN":-0.7502235108,"CCU.SN":-0.5121597981,"CENCOSHOPP.SN":0.7971470522,"CENCOSUD.SN":-0.1608814174,"CFMITNIPSA.SN":-0.1843850773,"CHILE.SN":-0.7356787409,"CMPC.SN":-0.600906541,"COLBUN.SN":0.480792011,"CONCHATORO.SN":-0.4927927451,"COPEC.SN":0.2261321804,"ECL.SN":0.3832017848,"ENELAM.SN":-0.5806180755,"ENELCHILE.SN":-0.5546954016,"ENTEL.SN":-0.8690068531,"FALABELLA.SN":-0.265255891,"IAM.SN":0.1249126695,"ITAUCORP.SN":-0.2158213976,"LTM.SN":0.5438402801,"MALLPLAZA.SN":0.3692518239,"PARAUCO.SN":1.0,"RIPLEY.SN":0.0188572068,"SECURITY.SN":-0.7436457832,"SMU.SN":-0.2434858984,"SONDA.SN":0.3762106639,"SQM-B.SN":0.0259703154,"VAPORES.SN":0.2223270688,"Promedio":-0.156863218},{"index":"RIPLEY.SN","AESANDES.SN":-0.4547786098,"AGUAS-A.SN":0.0587507721,"ANDINA-B.SN":-0.5217911015,"BCI.SN":0.2738450468,"BSANTANDER.SN":0.96743523,"CAP.SN":0.5269080831,"CCU.SN":0.8161498383,"CENCOSHOPP.SN":-0.4815996894,"CENCOSUD.SN":0.9782713719,"CFMITNIPSA.SN":0.2540234532,"CHILE.SN":0.574764327,"CMPC.SN":0.767021172,"COLBUN.SN":0.5194467712,"CONCHATORO.SN":-0.0311046914,"COPEC.SN":-0.1690194496,"ECL.SN":0.5568156126,"ENELAM.SN":0.0423061313,"ENELCHILE.SN":0.1388559214,"ENTEL.SN":-0.2681635891,"FALABELLA.SN":0.8165741653,"IAM.SN":0.8551241245,"ITAUCORP.SN":0.9488076794,"LTM.SN":-0.261245331,"MALLPLAZA.SN":0.4400370178,"PARAUCO.SN":0.0188572068,"RIPLEY.SN":1.0,"SECURITY.SN":-0.2892441747,"SMU.SN":0.6621376218,"SONDA.SN":0.8924791079,"SQM-B.SN":-0.1022845858,"VAPORES.SN":0.9110047412,"Promedio":0.0182386451},{"index":"SECURITY.SN","AESANDES.SN":0.4777824708,"AGUAS-A.SN":-0.6942698258,"ANDINA-B.SN":0.8793844086,"BCI.SN":0.4057730385,"BSANTANDER.SN":-0.0408293126,"CAP.SN":0.2190495053,"CCU.SN":0.045983397,"CENCOSHOPP.SN":-0.2709241375,"CENCOSUD.SN":-0.213565206,"CFMITNIPSA.SN":-0.1920506403,"CHILE.SN":0.1996782735,"CMPC.SN":0.2729281952,"COLBUN.SN":-0.1430126726,"CONCHATORO.SN":-0.1512116216,"COPEC.SN":-0.0234305187,"ECL.SN":-0.0086266349,"ENELAM.SN":-0.0507599159,"ENELCHILE.SN":-0.0229483362,"ENTEL.SN":0.5487109265,"FALABELLA.SN":-0.3177658002,"IAM.SN":-0.1867203836,"ITAUCORP.SN":-0.0742128727,"LTM.SN":-0.4540702982,"MALLPLAZA.SN":-0.0675772525,"PARAUCO.SN":-0.7436457832,"RIPLEY.SN":-0.2892441747,"SECURITY.SN":1.0,"SMU.SN":0.085055981,"SONDA.SN":-0.4484248055,"SQM-B.SN":-0.0063903573,"VAPORES.SN":-0.425889816,"Promedio":0.0618775088},{"index":"SMU.SN","AESANDES.SN":-0.516894083,"AGUAS-A.SN":0.0057579802,"ANDINA-B.SN":0.1371729149,"BCI.SN":0.0632806202,"BSANTANDER.SN":0.7356127204,"CAP.SN":0.3489775405,"CCU.SN":0.542545103,"CENCOSHOPP.SN":-0.3715845758,"CENCOSUD.SN":0.6861037926,"CFMITNIPSA.SN":-0.4293076448,"CHILE.SN":0.4314370234,"CMPC.SN":0.7913119047,"COLBUN.SN":0.5902538795,"CONCHATORO.SN":-0.1103635397,"COPEC.SN":0.5039667051,"ECL.SN":0.5406407994,"ENELAM.SN":-0.1163341138,"ENELCHILE.SN":-0.2038626907,"ENTEL.SN":-0.2206149959,"FALABELLA.SN":0.6632308905,"IAM.SN":0.8825532593,"ITAUCORP.SN":0.5515237867,"LTM.SN":-0.8719033093,"MALLPLAZA.SN":0.7060794284,"PARAUCO.SN":-0.2434858984,"RIPLEY.SN":0.6621376218,"SECURITY.SN":0.085055981,"SMU.SN":1.0,"SONDA.SN":0.6842273656,"SQM-B.SN":-0.7638671751,"VAPORES.SN":0.3017726621,"Promedio":-0.6377396891},{"index":"SONDA.SN","AESANDES.SN":-0.8071040694,"AGUAS-A.SN":0.4720390434,"ANDINA-B.SN":-0.5120611797,"BCI.SN":-0.186240642,"BSANTANDER.SN":0.8296273728,"CAP.SN":0.105750011,"CCU.SN":0.4790546924,"CENCOSHOPP.SN":-0.0637047099,"CENCOSUD.SN":0.7984372457,"CFMITNIPSA.SN":-0.0998059721,"CHILE.SN":0.1730380172,"CMPC.SN":0.5125026363,"COLBUN.SN":0.8045894429,"CONCHATORO.SN":-0.3432032476,"COPEC.SN":0.1809875016,"ECL.SN":0.7761679265,"ENELAM.SN":-0.3304012464,"ENELCHILE.SN":-0.2780242603,"ENTEL.SN":-0.6629823268,"FALABELLA.SN":0.6113243903,"IAM.SN":0.9404352866,"ITAUCORP.SN":0.7179179344,"LTM.SN":-0.2475581074,"MALLPLAZA.SN":0.7401618738,"PARAUCO.SN":0.3762106639,"RIPLEY.SN":0.8924791079,"SECURITY.SN":-0.4484248055,"SMU.SN":0.6842273656,"SONDA.SN":1.0,"SQM-B.SN":-0.3259928851,"VAPORES.SN":0.7977554058,"Promedio":-0.2893544945},{"index":"SQM-B.SN","AESANDES.SN":0.5432623826,"AGUAS-A.SN":-0.2754333092,"ANDINA-B.SN":-0.3568674483,"BCI.SN":0.3873251503,"BSANTANDER.SN":-0.1430991141,"CAP.SN":0.1486847736,"CCU.SN":0.0613594556,"CENCOSHOPP.SN":-0.0946133284,"CENCOSUD.SN":-0.1129815199,"CFMITNIPSA.SN":0.8228955277,"CHILE.SN":0.0672916238,"CMPC.SN":-0.2650394061,"COLBUN.SN":-0.4629545351,"CONCHATORO.SN":0.1441944073,"COPEC.SN":-0.9199338743,"ECL.SN":-0.3043475754,"ENELAM.SN":0.2624831496,"ENELCHILE.SN":0.4847037442,"ENTEL.SN":0.3345153955,"FALABELLA.SN":-0.2506742545,"IAM.SN":-0.5385827357,"ITAUCORP.SN":0.1015693011,"LTM.SN":0.8099601367,"MALLPLAZA.SN":-0.6686733422,"PARAUCO.SN":0.0259703154,"RIPLEY.SN":-0.1022845858,"SECURITY.SN":-0.0063903573,"SMU.SN":-0.7638671751,"SONDA.SN":-0.3259928851,"SQM-B.SN":1.0,"VAPORES.SN":0.2681480908,"Promedio":0.9740322246},{"index":"VAPORES.SN","AESANDES.SN":-0.3664861139,"AGUAS-A.SN":0.1421440469,"ANDINA-B.SN":-0.7374157025,"BCI.SN":0.2384400052,"BSANTANDER.SN":0.8291549075,"CAP.SN":0.4071982295,"CCU.SN":0.6941573896,"CENCOSHOPP.SN":-0.3357609756,"CENCOSUD.SN":0.8524747934,"CFMITNIPSA.SN":0.5033326294,"CHILE.SN":0.425897455,"CMPC.SN":0.5109992844,"COLBUN.SN":0.4127176166,"CONCHATORO.SN":-0.0661528641,"COPEC.SN":-0.4474783305,"ECL.SN":0.4849051346,"ENELAM.SN":0.0277191702,"ENELCHILE.SN":0.2027378778,"ENTEL.SN":-0.3001458824,"FALABELLA.SN":0.6332215927,"IAM.SN":0.6360763148,"ITAUCORP.SN":0.8897376965,"LTM.SN":0.152430534,"MALLPLAZA.SN":0.2424529228,"PARAUCO.SN":0.2223270688,"RIPLEY.SN":0.9110047412,"SECURITY.SN":-0.425889816,"SMU.SN":0.3017726621,"SONDA.SN":0.7977554058,"SQM-B.SN":0.2681480908,"VAPORES.SN":1.0,"Promedio":0.3373973416},{"index":"Promedio","AESANDES.SN":0.6237192932,"AGUAS-A.SN":-0.4440326238,"ANDINA-B.SN":-0.3396980837,"BCI.SN":0.5814808889,"BSANTANDER.SN":-0.0028945485,"CAP.SN":0.3679631699,"CCU.SN":0.2655853086,"CENCOSHOPP.SN":-0.317103537,"CENCOSUD.SN":0.0439337804,"CFMITNIPSA.SN":0.9034733471,"CHILE.SN":0.2901662432,"CMPC.SN":-0.060620989,"COLBUN.SN":-0.5155906727,"CONCHATORO.SN":0.2776091513,"COPEC.SN":-0.9821610417,"ECL.SN":-0.3425222468,"ENELAM.SN":0.4149150958,"ENELCHILE.SN":0.6353197189,"ENTEL.SN":0.4740227837,"FALABELLA.SN":-0.072464428,"IAM.SN":-0.4639339528,"ITAUCORP.SN":0.2546417094,"LTM.SN":0.6804906301,"MALLPLAZA.SN":-0.7057839138,"PARAUCO.SN":-0.156863218,"RIPLEY.SN":0.0182386451,"SECURITY.SN":0.0618775088,"SMU.SN":-0.6377396891,"SONDA.SN":-0.2893544945,"SQM-B.SN":0.9740322246,"VAPORES.SN":0.3373973416,"Promedio":1.0}]}