{"schema":{"fields":[{"name":"index","type":"string"},{"name":"AESANDES.SN","type":"number"},{"name":"AGUAS-A.SN","type":"number"},{"name":"ANDINA-B.SN","type":"number"},{"name":"BCI.SN","type":"number"},{"name":"BSANTANDER.SN","type":"number"},{"name":"CAP.SN","type":"number"},{"name":"CCU.SN","type":"number"},{"name":"CENCOSHOPP.SN","type":"number"},{"name":"CENCOSUD.SN","type":"number"},{"name":"CFMITNIPSA.SN","type":"number"},{"name":"CHILE.SN","type":"number"},{"name":"CMPC.SN","type":"number"},{"name":"COLBUN.SN","type":"number"},{"name":"CONCHATORO.SN","type":"number"},{"name":"COPEC.SN","type":"number"},{"name":"ECL.SN","type":"number"},{"name":"ENELAM.SN","type":"number"},{"name":"ENELCHILE.SN","type":"number"},{"name":"ENTEL.SN","type":"number"},{"name":"FALABELLA.SN","type":"number"},{"name":"IAM.SN","type":"number"},{"name":"ITAUCORP.SN","type":"number"},{"name":"LTM.SN","type":"number"},{"name":"MALLPLAZA.SN","type":"number"},{"name":"PARAUCO.SN","type":"number"},{"name":"RIPLEY.SN","type":"number"},{"name":"SECURITY.SN","type":"number"},{"name":"SMU.SN","type":"number"},{"name":"SONDA.SN","type":"number"},{"name":"SQM-B.SN","type":"number"},{"name":"VAPORES.SN","type":"number"},{"name":"Promedio","type":"number"}],"primaryKey":["index"],"pandas_version":"0.20.0"},"data":[{"index":"AESANDES.SN","AESANDES.SN":1.0,"AGUAS-A.SN":0.0889007533,"ANDINA-B.SN":0.1742681805,"BCI.SN":-0.0053362149,"BSANTANDER.SN":-0.1468826256,"CAP.SN":-0.1570977081,"CCU.SN":-0.2095895352,"CENCOSHOPP.SN":0.2008534529,"CENCOSUD.SN":-0.0041041504,"CFMITNIPSA.SN":0.1622370291,"CHILE.SN":0.1135502014,"CMPC.SN":0.0656443504,"COLBUN.SN":0.2294491445,"CONCHATORO.SN":-0.1796639676,"COPEC.SN":0.2398105639,"ECL.SN":0.1149799049,"ENELAM.SN":0.0846892435,"ENELCHILE.SN":0.0766312272,"ENTEL.SN":-0.0010018659,"FALABELLA.SN":0.0928626727,"IAM.SN":0.1143010865,"ITAUCORP.SN":0.2085598114,"LTM.SN":0.0169222293,"MALLPLAZA.SN":0.2167652853,"PARAUCO.SN":0.1534403981,"RIPLEY.SN":0.0874203483,"SECURITY.SN":0.1459681442,"SMU.SN":0.0969960279,"SONDA.SN":0.1349160526,"SQM-B.SN":0.072199568,"VAPORES.SN":-0.0974311405,"Promedio":0.0740005024},{"index":"AGUAS-A.SN","AESANDES.SN":0.0889007533,"AGUAS-A.SN":1.0,"ANDINA-B.SN":0.5382461307,"BCI.SN":0.455025733,"BSANTANDER.SN":-0.4637960376,"CAP.SN":-0.6627429166,"CCU.SN":-0.7437622267,"CENCOSHOPP.SN":0.8453049974,"CENCOSUD.SN":0.6023231333,"CFMITNIPSA.SN":0.8524826163,"CHILE.SN":0.5343769678,"CMPC.SN":0.7628396032,"COLBUN.SN":0.8757360017,"CONCHATORO.SN":-0.6549351016,"COPEC.SN":0.8130796631,"ECL.SN":0.7925551398,"ENELAM.SN":0.7879732796,"ENELCHILE.SN":0.7925876858,"ENTEL.SN":-0.5752954539,"FALABELLA.SN":0.3165493682,"IAM.SN":0.9380335597,"ITAUCORP.SN":0.7082999883,"LTM.SN":-0.5068779928,"MALLPLAZA.SN":0.7628231346,"PARAUCO.SN":0.7751800436,"RIPLEY.SN":0.3463193006,"SECURITY.SN":0.6966685703,"SMU.SN":0.7533337447,"SONDA.SN":0.8222625432,"SQM-B.SN":0.729713417,"VAPORES.SN":-0.0015783682,"Promedio":0.7531412292},{"index":"ANDINA-B.SN","AESANDES.SN":0.1742681805,"AGUAS-A.SN":0.5382461307,"ANDINA-B.SN":1.0,"BCI.SN":0.8350585066,"BSANTANDER.SN":0.1315398862,"CAP.SN":-0.2525104268,"CCU.SN":-0.2557706025,"CENCOSHOPP.SN":0.7351108337,"CENCOSUD.SN":0.7753558367,"CFMITNIPSA.SN":0.7359486154,"CHILE.SN":0.4391642489,"CMPC.SN":0.394520795,"COLBUN.SN":0.6262041948,"CONCHATORO.SN":-0.5932070943,"COPEC.SN":0.4154856177,"ECL.SN":0.737918895,"ENELAM.SN":0.5641468113,"ENELCHILE.SN":0.6197382367,"ENTEL.SN":-0.1845161803,"FALABELLA.SN":0.8115551524,"IAM.SN":0.6055732081,"ITAUCORP.SN":0.5885182984,"LTM.SN":-0.538461877,"MALLPLAZA.SN":0.7663805515,"PARAUCO.SN":0.7566150838,"RIPLEY.SN":0.8831654891,"SECURITY.SN":0.8698416521,"SMU.SN":0.74449087,"SONDA.SN":0.7276671368,"SQM-B.SN":0.4737814783,"VAPORES.SN":-0.567995867,"Promedio":0.6153866588},{"index":"BCI.SN","AESANDES.SN":-0.0053362149,"AGUAS-A.SN":0.455025733,"ANDINA-B.SN":0.8350585066,"BCI.SN":1.0,"BSANTANDER.SN":0.3273539005,"CAP.SN":-0.1382812772,"CCU.SN":-0.3079883674,"CENCOSHOPP.SN":0.660339317,"CENCOSUD.SN":0.8210558369,"CFMITNIPSA.SN":0.7058430084,"CHILE.SN":0.5453100304,"CMPC.SN":0.211191877,"COLBUN.SN":0.5787757497,"CONCHATORO.SN":-0.6357873414,"COPEC.SN":0.3169092698,"ECL.SN":0.771441141,"ENELAM.SN":0.5706655765,"ENELCHILE.SN":0.6529710977,"ENTEL.SN":-0.0137775265,"FALABELLA.SN":0.7737167771,"IAM.SN":0.5725942832,"ITAUCORP.SN":0.6036208677,"LTM.SN":-0.5299235152,"MALLPLAZA.SN":0.6922364698,"PARAUCO.SN":0.7082708481,"RIPLEY.SN":0.8221212759,"SECURITY.SN":0.82497759,"SMU.SN":0.7813715862,"SONDA.SN":0.6905186997,"SQM-B.SN":0.4760168796,"VAPORES.SN":-0.5133275282,"Promedio":0.6322230472},{"index":"BSANTANDER.SN","AESANDES.SN":-0.1468826256,"AGUAS-A.SN":-0.4637960376,"ANDINA-B.SN":0.1315398862,"BCI.SN":0.3273539005,"BSANTANDER.SN":1.0,"CAP.SN":0.4225268836,"CCU.SN":0.4910316591,"CENCOSHOPP.SN":-0.2741315905,"CENCOSUD.SN":0.032969998,"CFMITNIPSA.SN":-0.2258547914,"CHILE.SN":0.0964392452,"CMPC.SN":-0.3560805076,"COLBUN.SN":-0.3805389168,"CONCHATORO.SN":0.1838617082,"COPEC.SN":-0.5608020694,"ECL.SN":-0.137143155,"ENELAM.SN":-0.291826117,"ENELCHILE.SN":-0.2602408024,"ENTEL.SN":0.3463204652,"FALABELLA.SN":0.2824175374,"IAM.SN":-0.3689605699,"ITAUCORP.SN":-0.2532977906,"LTM.SN":0.1015766653,"MALLPLAZA.SN":-0.1550254277,"PARAUCO.SN":-0.1590448437,"RIPLEY.SN":0.2999095692,"SECURITY.SN":-0.0376025662,"SMU.SN":-0.1088403216,"SONDA.SN":-0.2121942102,"SQM-B.SN":-0.304300313,"VAPORES.SN":-0.40562304,"Promedio":-0.2123927041},{"index":"CAP.SN","AESANDES.SN":-0.1570977081,"AGUAS-A.SN":-0.6627429166,"ANDINA-B.SN":-0.2525104268,"BCI.SN":-0.1382812772,"BSANTANDER.SN":0.4225268836,"CAP.SN":1.0,"CCU.SN":0.6049192835,"CENCOSHOPP.SN":-0.6539113561,"CENCOSUD.SN":-0.2196831685,"CFMITNIPSA.SN":-0.5886001685,"CHILE.SN":-0.2202831735,"CMPC.SN":-0.4966333204,"COLBUN.SN":-0.6310892537,"CONCHATORO.SN":0.5591629101,"COPEC.SN":-0.6202228414,"ECL.SN":-0.5988182176,"ENELAM.SN":-0.676880528,"ENELCHILE.SN":-0.6478718918,"ENTEL.SN":0.6120189749,"FALABELLA.SN":-0.2407319772,"IAM.SN":-0.6769686935,"ITAUCORP.SN":-0.4184472648,"LTM.SN":0.5012619621,"MALLPLAZA.SN":-0.5659392423,"PARAUCO.SN":-0.5673832108,"RIPLEY.SN":-0.2156931157,"SECURITY.SN":-0.490476374,"SMU.SN":-0.5336671469,"SONDA.SN":-0.6769309294,"SQM-B.SN":-0.5531707844,"VAPORES.SN":-0.0956616372,"Promedio":-0.5025479263},{"index":"CCU.SN","AESANDES.SN":-0.2095895352,"AGUAS-A.SN":-0.7437622267,"ANDINA-B.SN":-0.2557706025,"BCI.SN":-0.3079883674,"BSANTANDER.SN":0.4910316591,"CAP.SN":0.6049192835,"CCU.SN":1.0,"CENCOSHOPP.SN":-0.7334413825,"CENCOSUD.SN":-0.4416413523,"CFMITNIPSA.SN":-0.7362118238,"CHILE.SN":-0.5271061199,"CMPC.SN":-0.3422658647,"COLBUN.SN":-0.8224781826,"CONCHATORO.SN":0.7561136112,"COPEC.SN":-0.7671371286,"ECL.SN":-0.7417657262,"ENELAM.SN":-0.7985092264,"ENELCHILE.SN":-0.8096574777,"ENTEL.SN":0.3731821934,"FALABELLA.SN":-0.1678840564,"IAM.SN":-0.7949750743,"ITAUCORP.SN":-0.6974743282,"LTM.SN":0.4029316464,"MALLPLAZA.SN":-0.6330440149,"PARAUCO.SN":-0.6465926296,"RIPLEY.SN":-0.0706768507,"SECURITY.SN":-0.4760316686,"SMU.SN":-0.6666878666,"SONDA.SN":-0.7147700741,"SQM-B.SN":-0.7281598246,"VAPORES.SN":-0.1965874293,"Promedio":-0.697835595},{"index":"CENCOSHOPP.SN","AESANDES.SN":0.2008534529,"AGUAS-A.SN":0.8453049974,"ANDINA-B.SN":0.7351108337,"BCI.SN":0.660339317,"BSANTANDER.SN":-0.2741315905,"CAP.SN":-0.6539113561,"CCU.SN":-0.7334413825,"CENCOSHOPP.SN":1.0,"CENCOSUD.SN":0.6773448429,"CFMITNIPSA.SN":0.9423888446,"CHILE.SN":0.5493580442,"CMPC.SN":0.5013246559,"COLBUN.SN":0.8825374465,"CONCHATORO.SN":-0.9017893824,"COPEC.SN":0.7543327795,"ECL.SN":0.9463445986,"ENELAM.SN":0.9137800656,"ENELCHILE.SN":0.8822672502,"ENTEL.SN":-0.5168666007,"FALABELLA.SN":0.661083739,"IAM.SN":0.9489900726,"ITAUCORP.SN":0.7565371269,"LTM.SN":-0.5591644093,"MALLPLAZA.SN":0.9735262516,"PARAUCO.SN":0.9715399643,"RIPLEY.SN":0.6480031687,"SECURITY.SN":0.8719087811,"SMU.SN":0.8367347476,"SONDA.SN":0.9756661252,"SQM-B.SN":0.75077807,"VAPORES.SN":-0.2091961871,"Promedio":0.8136769872},{"index":"CENCOSUD.SN","AESANDES.SN":-0.0041041504,"AGUAS-A.SN":0.6023231333,"ANDINA-B.SN":0.7753558367,"BCI.SN":0.8210558369,"BSANTANDER.SN":0.032969998,"CAP.SN":-0.2196831685,"CCU.SN":-0.4416413523,"CENCOSHOPP.SN":0.6773448429,"CENCOSUD.SN":1.0,"CFMITNIPSA.SN":0.7970719204,"CHILE.SN":0.5421201852,"CMPC.SN":0.4142789908,"COLBUN.SN":0.7407231246,"CONCHATORO.SN":-0.6302521262,"COPEC.SN":0.563642362,"ECL.SN":0.768011139,"ENELAM.SN":0.640453739,"ENELCHILE.SN":0.7623140996,"ENTEL.SN":-0.1733854813,"FALABELLA.SN":0.6155730678,"IAM.SN":0.6474139672,"ITAUCORP.SN":0.723320645,"LTM.SN":-0.7286666914,"MALLPLAZA.SN":0.620290851,"PARAUCO.SN":0.6860916686,"RIPLEY.SN":0.6304286473,"SECURITY.SN":0.7603196542,"SMU.SN":0.8190298599,"SONDA.SN":0.7061769215,"SQM-B.SN":0.6917659084,"VAPORES.SN":-0.4056808143,"Promedio":0.7940885208},{"index":"CFMITNIPSA.SN","AESANDES.SN":0.1622370291,"AGUAS-A.SN":0.8524826163,"ANDINA-B.SN":0.7359486154,"BCI.SN":0.7058430084,"BSANTANDER.SN":-0.2258547914,"CAP.SN":-0.5886001685,"CCU.SN":-0.7362118238,"CENCOSHOPP.SN":0.9423888446,"CENCOSUD.SN":0.7970719204,"CFMITNIPSA.SN":1.0,"CHILE.SN":0.6703755202,"CMPC.SN":0.5528408399,"COLBUN.SN":0.9321434963,"CONCHATORO.SN":-0.8527441307,"COPEC.SN":0.8048572506,"ECL.SN":0.9521481891,"ENELAM.SN":0.9275786509,"ENELCHILE.SN":0.9263402597,"ENTEL.SN":-0.4557762416,"FALABELLA.SN":0.6420195872,"IAM.SN":0.9234577391,"ITAUCORP.SN":0.8602082601,"LTM.SN":-0.6780579941,"MALLPLAZA.SN":0.8975035515,"PARAUCO.SN":0.9272630927,"RIPLEY.SN":0.6027931911,"SECURITY.SN":0.8667310031,"SMU.SN":0.9038625729,"SONDA.SN":0.9456301358,"SQM-B.SN":0.86987865,"VAPORES.SN":-0.204832449,"Promedio":0.9283953355},{"index":"CHILE.SN","AESANDES.SN":0.1135502014,"AGUAS-A.SN":0.5343769678,"ANDINA-B.SN":0.4391642489,"BCI.SN":0.5453100304,"BSANTANDER.SN":0.0964392452,"CAP.SN":-0.2202831735,"CCU.SN":-0.5271061199,"CENCOSHOPP.SN":0.5493580442,"CENCOSUD.SN":0.5421201852,"CFMITNIPSA.SN":0.6703755202,"CHILE.SN":1.0,"CMPC.SN":0.4044444041,"COLBUN.SN":0.6858735702,"CONCHATORO.SN":-0.5054926358,"COPEC.SN":0.6241078196,"ECL.SN":0.6064514189,"ENELAM.SN":0.5605491718,"ENELCHILE.SN":0.5331147129,"ENTEL.SN":-0.1164779566,"FALABELLA.SN":0.4439248065,"IAM.SN":0.5430515813,"ITAUCORP.SN":0.7248912301,"LTM.SN":-0.3821682019,"MALLPLAZA.SN":0.5426772371,"PARAUCO.SN":0.5515188754,"RIPLEY.SN":0.3014696087,"SECURITY.SN":0.5669613241,"SMU.SN":0.6589911557,"SONDA.SN":0.5324922535,"SQM-B.SN":0.5402976855,"VAPORES.SN":-0.2225192129,"Promedio":0.6067375817},{"index":"CMPC.SN","AESANDES.SN":0.0656443504,"AGUAS-A.SN":0.7628396032,"ANDINA-B.SN":0.394520795,"BCI.SN":0.211191877,"BSANTANDER.SN":-0.3560805076,"CAP.SN":-0.4966333204,"CCU.SN":-0.3422658647,"CENCOSHOPP.SN":0.5013246559,"CENCOSUD.SN":0.4142789908,"CFMITNIPSA.SN":0.5528408399,"CHILE.SN":0.4044444041,"CMPC.SN":1.0,"COLBUN.SN":0.5888677677,"CONCHATORO.SN":-0.2303898731,"COPEC.SN":0.6907156792,"ECL.SN":0.4174282053,"ENELAM.SN":0.4658323109,"ENELCHILE.SN":0.4208471349,"ENTEL.SN":-0.5481929372,"FALABELLA.SN":0.0937784308,"IAM.SN":0.599606741,"ITAUCORP.SN":0.4758388366,"LTM.SN":-0.4235210895,"MALLPLAZA.SN":0.4165466886,"PARAUCO.SN":0.4461562153,"RIPLEY.SN":0.1998165166,"SECURITY.SN":0.4461962256,"SMU.SN":0.4900521069,"SONDA.SN":0.4854006371,"SQM-B.SN":0.4501854397,"VAPORES.SN":-0.1230617302,"Promedio":0.4693169165},{"index":"COLBUN.SN","AESANDES.SN":0.2294491445,"AGUAS-A.SN":0.8757360017,"ANDINA-B.SN":0.6262041948,"BCI.SN":0.5787757497,"BSANTANDER.SN":-0.3805389168,"CAP.SN":-0.6310892537,"CCU.SN":-0.8224781826,"CENCOSHOPP.SN":0.8825374465,"CENCOSUD.SN":0.7407231246,"CFMITNIPSA.SN":0.9321434963,"CHILE.SN":0.6858735702,"CMPC.SN":0.5888677677,"COLBUN.SN":1.0,"CONCHATORO.SN":-0.7874911837,"COPEC.SN":0.8994885952,"ECL.SN":0.8957432327,"ENELAM.SN":0.8707121966,"ENELCHILE.SN":0.910395436,"ENTEL.SN":-0.4094368627,"FALABELLA.SN":0.5070954787,"IAM.SN":0.8944283955,"ITAUCORP.SN":0.860211617,"LTM.SN":-0.6901715964,"MALLPLAZA.SN":0.7987644494,"PARAUCO.SN":0.8208296939,"RIPLEY.SN":0.439259634,"SECURITY.SN":0.8023835401,"SMU.SN":0.9093607344,"SONDA.SN":0.8771769411,"SQM-B.SN":0.8138825464,"VAPORES.SN":-0.1144270486,"Promedio":0.8516776832},{"index":"CONCHATORO.SN","AESANDES.SN":-0.1796639676,"AGUAS-A.SN":-0.6549351016,"ANDINA-B.SN":-0.5932070943,"BCI.SN":-0.6357873414,"BSANTANDER.SN":0.1838617082,"CAP.SN":0.5591629101,"CCU.SN":0.7561136112,"CENCOSHOPP.SN":-0.9017893824,"CENCOSUD.SN":-0.6302521262,"CFMITNIPSA.SN":-0.8527441307,"CHILE.SN":-0.5054926358,"CMPC.SN":-0.2303898731,"COLBUN.SN":-0.7874911837,"CONCHATORO.SN":1.0,"COPEC.SN":-0.6214974743,"ECL.SN":-0.9235082435,"ENELAM.SN":-0.9025771655,"ENELCHILE.SN":-0.857403958,"ENTEL.SN":0.4650299781,"FALABELLA.SN":-0.661304247,"IAM.SN":-0.8423105266,"ITAUCORP.SN":-0.6881637921,"LTM.SN":0.560748339,"MALLPLAZA.SN":-0.8808520551,"PARAUCO.SN":-0.9139784798,"RIPLEY.SN":-0.6044421881,"SECURITY.SN":-0.7499865263,"SMU.SN":-0.7759822314,"SONDA.SN":-0.9064984937,"SQM-B.SN":-0.7540589341,"VAPORES.SN":0.2766184264,"Promedio":-0.7960392166},{"index":"COPEC.SN","AESANDES.SN":0.2398105639,"AGUAS-A.SN":0.8130796631,"ANDINA-B.SN":0.4154856177,"BCI.SN":0.3169092698,"BSANTANDER.SN":-0.5608020694,"CAP.SN":-0.6202228414,"CCU.SN":-0.7671371286,"CENCOSHOPP.SN":0.7543327795,"CENCOSUD.SN":0.563642362,"CFMITNIPSA.SN":0.8048572506,"CHILE.SN":0.6241078196,"CMPC.SN":0.6907156792,"COLBUN.SN":0.8994885952,"CONCHATORO.SN":-0.6214974743,"COPEC.SN":1.0,"ECL.SN":0.6988065845,"ENELAM.SN":0.7731396159,"ENELCHILE.SN":0.7391570111,"ENTEL.SN":-0.4673399238,"FALABELLA.SN":0.2950777778,"IAM.SN":0.7852347895,"ITAUCORP.SN":0.8097167884,"LTM.SN":-0.5464819983,"MALLPLAZA.SN":0.6551387322,"PARAUCO.SN":0.6705994215,"RIPLEY.SN":0.1897828733,"SECURITY.SN":0.621582137,"SMU.SN":0.7126868738,"SONDA.SN":0.7225649109,"SQM-B.SN":0.7105916966,"VAPORES.SN":0.0445031446,"Promedio":0.7173120528},{"index":"ECL.SN","AESANDES.SN":0.1149799049,"AGUAS-A.SN":0.7925551398,"ANDINA-B.SN":0.737918895,"BCI.SN":0.771441141,"BSANTANDER.SN":-0.137143155,"CAP.SN":-0.5988182176,"CCU.SN":-0.7417657262,"CENCOSHOPP.SN":0.9463445986,"CENCOSUD.SN":0.768011139,"CFMITNIPSA.SN":0.9521481891,"CHILE.SN":0.6064514189,"CMPC.SN":0.4174282053,"COLBUN.SN":0.8957432327,"CONCHATORO.SN":-0.9235082435,"COPEC.SN":0.6988065845,"ECL.SN":1.0,"ENELAM.SN":0.9312327734,"ENELCHILE.SN":0.9430623976,"ENTEL.SN":-0.4067405965,"FALABELLA.SN":0.7065717497,"IAM.SN":0.9145353829,"ITAUCORP.SN":0.7919535978,"LTM.SN":-0.6783771519,"MALLPLAZA.SN":0.9141928858,"PARAUCO.SN":0.9440693696,"RIPLEY.SN":0.6840267502,"SECURITY.SN":0.8891070535,"SMU.SN":0.9309322551,"SONDA.SN":0.9671450134,"SQM-B.SN":0.8009491288,"VAPORES.SN":-0.2813669923,"Promedio":0.8706045174},{"index":"ENELAM.SN","AESANDES.SN":0.0846892435,"AGUAS-A.SN":0.7879732796,"ANDINA-B.SN":0.5641468113,"BCI.SN":0.5706655765,"BSANTANDER.SN":-0.291826117,"CAP.SN":-0.676880528,"CCU.SN":-0.7985092264,"CENCOSHOPP.SN":0.9137800656,"CENCOSUD.SN":0.640453739,"CFMITNIPSA.SN":0.9275786509,"CHILE.SN":0.5605491718,"CMPC.SN":0.4658323109,"COLBUN.SN":0.8707121966,"CONCHATORO.SN":-0.9025771655,"COPEC.SN":0.7731396159,"ECL.SN":0.9312327734,"ENELAM.SN":1.0,"ENELCHILE.SN":0.9307260569,"ENTEL.SN":-0.5776499751,"FALABELLA.SN":0.5805098941,"IAM.SN":0.913519685,"ITAUCORP.SN":0.7779661323,"LTM.SN":-0.6473168652,"MALLPLAZA.SN":0.8576448179,"PARAUCO.SN":0.9139827604,"RIPLEY.SN":0.5101165013,"SECURITY.SN":0.7718114966,"SMU.SN":0.8416176903,"SONDA.SN":0.9447834468,"SQM-B.SN":0.8581854861,"VAPORES.SN":-0.1167903198,"Promedio":0.8795208675},{"index":"ENELCHILE.SN","AESANDES.SN":0.0766312272,"AGUAS-A.SN":0.7925876858,"ANDINA-B.SN":0.6197382367,"BCI.SN":0.6529710977,"BSANTANDER.SN":-0.2602408024,"CAP.SN":-0.6478718918,"CCU.SN":-0.8096574777,"CENCOSHOPP.SN":0.8822672502,"CENCOSUD.SN":0.7623140996,"CFMITNIPSA.SN":0.9263402597,"CHILE.SN":0.5331147129,"CMPC.SN":0.4208471349,"COLBUN.SN":0.910395436,"CONCHATORO.SN":-0.857403958,"COPEC.SN":0.7391570111,"ECL.SN":0.9430623976,"ENELAM.SN":0.9307260569,"ENELCHILE.SN":1.0,"ENTEL.SN":-0.4231320286,"FALABELLA.SN":0.5560168686,"IAM.SN":0.8853365198,"ITAUCORP.SN":0.7812992001,"LTM.SN":-0.7557634527,"MALLPLAZA.SN":0.7987590129,"PARAUCO.SN":0.8501814327,"RIPLEY.SN":0.5123304278,"SECURITY.SN":0.7956291278,"SMU.SN":0.9036184889,"SONDA.SN":0.9227627342,"SQM-B.SN":0.8756291882,"VAPORES.SN":-0.1050930486,"Promedio":0.9045187042},{"index":"ENTEL.SN","AESANDES.SN":-0.0010018659,"AGUAS-A.SN":-0.5752954539,"ANDINA-B.SN":-0.1845161803,"BCI.SN":-0.0137775265,"BSANTANDER.SN":0.3463204652,"CAP.SN":0.6120189749,"CCU.SN":0.3731821934,"CENCOSHOPP.SN":-0.5168666007,"CENCOSUD.SN":-0.1733854813,"CFMITNIPSA.SN":-0.4557762416,"CHILE.SN":-0.1164779566,"CMPC.SN":-0.5481929372,"COLBUN.SN":-0.4094368627,"CONCHATORO.SN":0.4650299781,"COPEC.SN":-0.4673399238,"ECL.SN":-0.4067405965,"ENELAM.SN":-0.5776499751,"ENELCHILE.SN":-0.4231320286,"ENTEL.SN":1.0,"FALABELLA.SN":-0.2014398922,"IAM.SN":-0.5818877418,"ITAUCORP.SN":-0.2066202662,"LTM.SN":0.308408248,"MALLPLAZA.SN":-0.4688679156,"PARAUCO.SN":-0.534895213,"RIPLEY.SN":-0.1780078629,"SECURITY.SN":-0.2799851388,"SMU.SN":-0.2596756504,"SONDA.SN":-0.5432832013,"SQM-B.SN":-0.5067824156,"VAPORES.SN":0.0800395299,"Promedio":-0.4553918792},{"index":"FALABELLA.SN","AESANDES.SN":0.0928626727,"AGUAS-A.SN":0.3165493682,"ANDINA-B.SN":0.8115551524,"BCI.SN":0.7737167771,"BSANTANDER.SN":0.2824175374,"CAP.SN":-0.2407319772,"CCU.SN":-0.1678840564,"CENCOSHOPP.SN":0.661083739,"CENCOSUD.SN":0.6155730678,"CFMITNIPSA.SN":0.6420195872,"CHILE.SN":0.4439248065,"CMPC.SN":0.0937784308,"COLBUN.SN":0.5070954787,"CONCHATORO.SN":-0.661304247,"COPEC.SN":0.2950777778,"ECL.SN":0.7065717497,"ENELAM.SN":0.5805098941,"ENELCHILE.SN":0.5560168686,"ENTEL.SN":-0.2014398922,"FALABELLA.SN":1.0,"IAM.SN":0.4946533554,"ITAUCORP.SN":0.4712282558,"LTM.SN":-0.5175660916,"MALLPLAZA.SN":0.7404469253,"PARAUCO.SN":0.7483413769,"RIPLEY.SN":0.8993446585,"SECURITY.SN":0.8055524086,"SMU.SN":0.6645782988,"SONDA.SN":0.692921759,"SQM-B.SN":0.4050957372,"VAPORES.SN":-0.5912380266,"Promedio":0.5348897118},{"index":"IAM.SN","AESANDES.SN":0.1143010865,"AGUAS-A.SN":0.9380335597,"ANDINA-B.SN":0.6055732081,"BCI.SN":0.5725942832,"BSANTANDER.SN":-0.3689605699,"CAP.SN":-0.6769686935,"CCU.SN":-0.7949750743,"CENCOSHOPP.SN":0.9489900726,"CENCOSUD.SN":0.6474139672,"CFMITNIPSA.SN":0.9234577391,"CHILE.SN":0.5430515813,"CMPC.SN":0.599606741,"COLBUN.SN":0.8944283955,"CONCHATORO.SN":-0.8423105266,"COPEC.SN":0.7852347895,"ECL.SN":0.9145353829,"ENELAM.SN":0.913519685,"ENELCHILE.SN":0.8853365198,"ENTEL.SN":-0.5818877418,"FALABELLA.SN":0.4946533554,"IAM.SN":1.0,"ITAUCORP.SN":0.7355048089,"LTM.SN":-0.5292556586,"MALLPLAZA.SN":0.899639185,"PARAUCO.SN":0.9130894106,"RIPLEY.SN":0.4947674785,"SECURITY.SN":0.7901863296,"SMU.SN":0.8171827375,"SONDA.SN":0.9397120016,"SQM-B.SN":0.7754927469,"VAPORES.SN":-0.0715798275,"Promedio":0.8139464175},{"index":"ITAUCORP.SN","AESANDES.SN":0.2085598114,"AGUAS-A.SN":0.7082999883,"ANDINA-B.SN":0.5885182984,"BCI.SN":0.6036208677,"BSANTANDER.SN":-0.2532977906,"CAP.SN":-0.4184472648,"CCU.SN":-0.6974743282,"CENCOSHOPP.SN":0.7565371269,"CENCOSUD.SN":0.723320645,"CFMITNIPSA.SN":0.8602082601,"CHILE.SN":0.7248912301,"CMPC.SN":0.4758388366,"COLBUN.SN":0.860211617,"CONCHATORO.SN":-0.6881637921,"COPEC.SN":0.8097167884,"ECL.SN":0.7919535978,"ENELAM.SN":0.7779661323,"ENELCHILE.SN":0.7812992001,"ENTEL.SN":-0.2066202662,"FALABELLA.SN":0.4712282558,"IAM.SN":0.7355048089,"ITAUCORP.SN":1.0,"LTM.SN":-0.5919558492,"MALLPLAZA.SN":0.7013044027,"PARAUCO.SN":0.7171069545,"RIPLEY.SN":0.4218708135,"SECURITY.SN":0.7319355445,"SMU.SN":0.8136644869,"SONDA.SN":0.7658382109,"SQM-B.SN":0.7580435692,"VAPORES.SN":-0.0679993324,"Promedio":0.8113099936},{"index":"LTM.SN","AESANDES.SN":0.0169222293,"AGUAS-A.SN":-0.5068779928,"ANDINA-B.SN":-0.538461877,"BCI.SN":-0.5299235152,"BSANTANDER.SN":0.1015766653,"CAP.SN":0.5012619621,"CCU.SN":0.4029316464,"CENCOSHOPP.SN":-0.5591644093,"CENCOSUD.SN":-0.7286666914,"CFMITNIPSA.SN":-0.6780579941,"CHILE.SN":-0.3821682019,"CMPC.SN":-0.4235210895,"COLBUN.SN":-0.6901715964,"CONCHATORO.SN":0.560748339,"COPEC.SN":-0.5464819983,"ECL.SN":-0.6783771519,"ENELAM.SN":-0.6473168652,"ENELCHILE.SN":-0.7557634527,"ENTEL.SN":0.308408248,"FALABELLA.SN":-0.5175660916,"IAM.SN":-0.5292556586,"ITAUCORP.SN":-0.5919558492,"LTM.SN":1.0,"MALLPLAZA.SN":-0.4537670786,"PARAUCO.SN":-0.558837415,"RIPLEY.SN":-0.5053118738,"SECURITY.SN":-0.6483338705,"SMU.SN":-0.7805216364,"SONDA.SN":-0.6440358322,"SQM-B.SN":-0.7206386854,"VAPORES.SN":0.3612024798,"Promedio":-0.7419398596},{"index":"MALLPLAZA.SN","AESANDES.SN":0.2167652853,"AGUAS-A.SN":0.7628231346,"ANDINA-B.SN":0.7663805515,"BCI.SN":0.6922364698,"BSANTANDER.SN":-0.1550254277,"CAP.SN":-0.5659392423,"CCU.SN":-0.6330440149,"CENCOSHOPP.SN":0.9735262516,"CENCOSUD.SN":0.620290851,"CFMITNIPSA.SN":0.8975035515,"CHILE.SN":0.5426772371,"CMPC.SN":0.4165466886,"COLBUN.SN":0.7987644494,"CONCHATORO.SN":-0.8808520551,"COPEC.SN":0.6551387322,"ECL.SN":0.9141928858,"ENELAM.SN":0.8576448179,"ENELCHILE.SN":0.7987590129,"ENTEL.SN":-0.4688679156,"FALABELLA.SN":0.7404469253,"IAM.SN":0.899639185,"ITAUCORP.SN":0.7013044027,"LTM.SN":-0.4537670786,"MALLPLAZA.SN":1.0,"PARAUCO.SN":0.9706578413,"RIPLEY.SN":0.7233084544,"SECURITY.SN":0.872023268,"SMU.SN":0.7809359524,"SONDA.SN":0.9484169433,"SQM-B.SN":0.6503791954,"VAPORES.SN":-0.252669004,"Promedio":0.7355770808},{"index":"PARAUCO.SN","AESANDES.SN":0.1534403981,"AGUAS-A.SN":0.7751800436,"ANDINA-B.SN":0.7566150838,"BCI.SN":0.7082708481,"BSANTANDER.SN":-0.1590448437,"CAP.SN":-0.5673832108,"CCU.SN":-0.6465926296,"CENCOSHOPP.SN":0.9715399643,"CENCOSUD.SN":0.6860916686,"CFMITNIPSA.SN":0.9272630927,"CHILE.SN":0.5515188754,"CMPC.SN":0.4461562153,"COLBUN.SN":0.8208296939,"CONCHATORO.SN":-0.9139784798,"COPEC.SN":0.6705994215,"ECL.SN":0.9440693696,"ENELAM.SN":0.9139827604,"ENELCHILE.SN":0.8501814327,"ENTEL.SN":-0.534895213,"FALABELLA.SN":0.7483413769,"IAM.SN":0.9130894106,"ITAUCORP.SN":0.7171069545,"LTM.SN":-0.558837415,"MALLPLAZA.SN":0.9706578413,"PARAUCO.SN":1.0,"RIPLEY.SN":0.7289166011,"SECURITY.SN":0.8720356239,"SMU.SN":0.8180835334,"SONDA.SN":0.9652085622,"SQM-B.SN":0.7491231314,"VAPORES.SN":-0.3295596126,"Promedio":0.8230867937},{"index":"RIPLEY.SN","AESANDES.SN":0.0874203483,"AGUAS-A.SN":0.3463193006,"ANDINA-B.SN":0.8831654891,"BCI.SN":0.8221212759,"BSANTANDER.SN":0.2999095692,"CAP.SN":-0.2156931157,"CCU.SN":-0.0706768507,"CENCOSHOPP.SN":0.6480031687,"CENCOSUD.SN":0.6304286473,"CFMITNIPSA.SN":0.6027931911,"CHILE.SN":0.3014696087,"CMPC.SN":0.1998165166,"COLBUN.SN":0.439259634,"CONCHATORO.SN":-0.6044421881,"COPEC.SN":0.1897828733,"ECL.SN":0.6840267502,"ENELAM.SN":0.5101165013,"ENELCHILE.SN":0.5123304278,"ENTEL.SN":-0.1780078629,"FALABELLA.SN":0.8993446585,"IAM.SN":0.4947674785,"ITAUCORP.SN":0.4218708135,"LTM.SN":-0.5053118738,"MALLPLAZA.SN":0.7233084544,"PARAUCO.SN":0.7289166011,"RIPLEY.SN":1.0,"SECURITY.SN":0.8190153913,"SMU.SN":0.6547087707,"SONDA.SN":0.6783797456,"SQM-B.SN":0.3463566198,"VAPORES.SN":-0.6634262498,"Promedio":0.4914778889},{"index":"SECURITY.SN","AESANDES.SN":0.1459681442,"AGUAS-A.SN":0.6966685703,"ANDINA-B.SN":0.8698416521,"BCI.SN":0.82497759,"BSANTANDER.SN":-0.0376025662,"CAP.SN":-0.490476374,"CCU.SN":-0.4760316686,"CENCOSHOPP.SN":0.8719087811,"CENCOSUD.SN":0.7603196542,"CFMITNIPSA.SN":0.8667310031,"CHILE.SN":0.5669613241,"CMPC.SN":0.4461962256,"COLBUN.SN":0.8023835401,"CONCHATORO.SN":-0.7499865263,"COPEC.SN":0.621582137,"ECL.SN":0.8891070535,"ENELAM.SN":0.7718114966,"ENELCHILE.SN":0.7956291278,"ENTEL.SN":-0.2799851388,"FALABELLA.SN":0.8055524086,"IAM.SN":0.7901863296,"ITAUCORP.SN":0.7319355445,"LTM.SN":-0.6483338705,"MALLPLAZA.SN":0.872023268,"PARAUCO.SN":0.8720356239,"RIPLEY.SN":0.8190153913,"SECURITY.SN":1.0,"SMU.SN":0.8891080408,"SONDA.SN":0.8763326799,"SQM-B.SN":0.5956080107,"VAPORES.SN":-0.3893829685,"Promedio":0.7147999958},{"index":"SMU.SN","AESANDES.SN":0.0969960279,"AGUAS-A.SN":0.7533337447,"ANDINA-B.SN":0.74449087,"BCI.SN":0.7813715862,"BSANTANDER.SN":-0.1088403216,"CAP.SN":-0.5336671469,"CCU.SN":-0.6666878666,"CENCOSHOPP.SN":0.8367347476,"CENCOSUD.SN":0.8190298599,"CFMITNIPSA.SN":0.9038625729,"CHILE.SN":0.6589911557,"CMPC.SN":0.4900521069,"COLBUN.SN":0.9093607344,"CONCHATORO.SN":-0.7759822314,"COPEC.SN":0.7126868738,"ECL.SN":0.9309322551,"ENELAM.SN":0.8416176903,"ENELCHILE.SN":0.9036184889,"ENTEL.SN":-0.2596756504,"FALABELLA.SN":0.6645782988,"IAM.SN":0.8171827375,"ITAUCORP.SN":0.8136644869,"LTM.SN":-0.7805216364,"MALLPLAZA.SN":0.7809359524,"PARAUCO.SN":0.8180835334,"RIPLEY.SN":0.6547087707,"SECURITY.SN":0.8891080408,"SMU.SN":1.0,"SONDA.SN":0.8705579775,"SQM-B.SN":0.7507978649,"VAPORES.SN":-0.2953576851,"Promedio":0.830621046},{"index":"SONDA.SN","AESANDES.SN":0.1349160526,"AGUAS-A.SN":0.8222625432,"ANDINA-B.SN":0.7276671368,"BCI.SN":0.6905186997,"BSANTANDER.SN":-0.2121942102,"CAP.SN":-0.6769309294,"CCU.SN":-0.7147700741,"CENCOSHOPP.SN":0.9756661252,"CENCOSUD.SN":0.7061769215,"CFMITNIPSA.SN":0.9456301358,"CHILE.SN":0.5324922535,"CMPC.SN":0.4854006371,"COLBUN.SN":0.8771769411,"CONCHATORO.SN":-0.9064984937,"COPEC.SN":0.7225649109,"ECL.SN":0.9671450134,"ENELAM.SN":0.9447834468,"ENELCHILE.SN":0.9227627342,"ENTEL.SN":-0.5432832013,"FALABELLA.SN":0.692921759,"IAM.SN":0.9397120016,"ITAUCORP.SN":0.7658382109,"LTM.SN":-0.6440358322,"MALLPLAZA.SN":0.9484169433,"PARAUCO.SN":0.9652085622,"RIPLEY.SN":0.6783797456,"SECURITY.SN":0.8763326799,"SMU.SN":0.8705579775,"SONDA.SN":1.0,"SQM-B.SN":0.7862385233,"VAPORES.SN":-0.211525935,"Promedio":0.8451726387},{"index":"SQM-B.SN","AESANDES.SN":0.072199568,"AGUAS-A.SN":0.729713417,"ANDINA-B.SN":0.4737814783,"BCI.SN":0.4760168796,"BSANTANDER.SN":-0.304300313,"CAP.SN":-0.5531707844,"CCU.SN":-0.7281598246,"CENCOSHOPP.SN":0.75077807,"CENCOSUD.SN":0.6917659084,"CFMITNIPSA.SN":0.86987865,"CHILE.SN":0.5402976855,"CMPC.SN":0.4501854397,"COLBUN.SN":0.8138825464,"CONCHATORO.SN":-0.7540589341,"COPEC.SN":0.7105916966,"ECL.SN":0.8009491288,"ENELAM.SN":0.8581854861,"ENELCHILE.SN":0.8756291882,"ENTEL.SN":-0.5067824156,"FALABELLA.SN":0.4050957372,"IAM.SN":0.7754927469,"ITAUCORP.SN":0.7580435692,"LTM.SN":-0.7206386854,"MALLPLAZA.SN":0.6503791954,"PARAUCO.SN":0.7491231314,"RIPLEY.SN":0.3463566198,"SECURITY.SN":0.5956080107,"SMU.SN":0.7507978649,"SONDA.SN":0.7862385233,"SQM-B.SN":1.0,"VAPORES.SN":-0.107427092,"Promedio":0.9797918189},{"index":"VAPORES.SN","AESANDES.SN":-0.0974311405,"AGUAS-A.SN":-0.0015783682,"ANDINA-B.SN":-0.567995867,"BCI.SN":-0.5133275282,"BSANTANDER.SN":-0.40562304,"CAP.SN":-0.0956616372,"CCU.SN":-0.1965874293,"CENCOSHOPP.SN":-0.2091961871,"CENCOSUD.SN":-0.4056808143,"CFMITNIPSA.SN":-0.204832449,"CHILE.SN":-0.2225192129,"CMPC.SN":-0.1230617302,"COLBUN.SN":-0.1144270486,"CONCHATORO.SN":0.2766184264,"COPEC.SN":0.0445031446,"ECL.SN":-0.2813669923,"ENELAM.SN":-0.1167903198,"ENELCHILE.SN":-0.1050930486,"ENTEL.SN":0.0800395299,"FALABELLA.SN":-0.5912380266,"IAM.SN":-0.0715798275,"ITAUCORP.SN":-0.0679993324,"LTM.SN":0.3612024798,"MALLPLAZA.SN":-0.252669004,"PARAUCO.SN":-0.3295596126,"RIPLEY.SN":-0.6634262498,"SECURITY.SN":-0.3893829685,"SMU.SN":-0.2953576851,"SONDA.SN":-0.211525935,"SQM-B.SN":-0.107427092,"VAPORES.SN":1.0,"Promedio":-0.2125456238},{"index":"Promedio","AESANDES.SN":0.0740005024,"AGUAS-A.SN":0.7531412292,"ANDINA-B.SN":0.6153866588,"BCI.SN":0.6322230472,"BSANTANDER.SN":-0.2123927041,"CAP.SN":-0.5025479263,"CCU.SN":-0.697835595,"CENCOSHOPP.SN":0.8136769872,"CENCOSUD.SN":0.7940885208,"CFMITNIPSA.SN":0.9283953355,"CHILE.SN":0.6067375817,"CMPC.SN":0.4693169165,"COLBUN.SN":0.8516776832,"CONCHATORO.SN":-0.7960392166,"COPEC.SN":0.7173120528,"ECL.SN":0.8706045174,"ENELAM.SN":0.8795208675,"ENELCHILE.SN":0.9045187042,"ENTEL.SN":-0.4553918792,"FALABELLA.SN":0.5348897118,"IAM.SN":0.8139464175,"ITAUCORP.SN":0.8113099936,"LTM.SN":-0.7419398596,"MALLPLAZA.SN":0.7355770808,"PARAUCO.SN":0.8230867937,"RIPLEY.SN":0.4914778889,"SECURITY.SN":0.7147999958,"SMU.SN":0.830621046,"SONDA.SN":0.8451726387,"SQM-B.SN":0.9797918189,"VAPORES.SN":-0.2125456238,"Promedio":1.0}]}